<?xml version="1.0" encoding="utf-8"?>
<COLLADA xmlns="http://www.collada.org/2005/11/COLLADASchema" version="1.4.1">
  <asset>
    <contributor>
      <author>Mixamo</author>
      <authoring_tool>COLLADA Mixamo exporter</authoring_tool>
      <comments/>
    </contributor>
    <created>2024-04-17T20:59:24Z</created>
    <modified>2024-04-17T20:59:24Z</modified>
    <revision/>
    <title/>
    <unit meter="0.010000"/>
    <up_axis>Y_UP</up_axis>
  </asset>
  <library_animations>
    <animation id="mixamorig_Hips-anim" name="mixamorig_Hips">
      <source id="mixamorig_Hips-Matrix-animation-input">
        <float_array id="mixamorig_Hips-Matrix-animation-input-array" count="66">

0.000000 0.033333 0.066667 0.100000 0.133333 0.166667 0.200000 0.233333 0.266667 0.300000 0.333333 0.366667 0.400000 0.433333 0.466667 0.500000
0.533333 0.566667 0.600000 0.633333 0.666667 0.700000 0.733333 0.766667 0.800000 0.833333 0.866667 0.900000 0.933333 0.966667 1.000000 1.033333
1.066667 1.100000 1.133333 1.166667 1.200000 1.233333 1.266667 1.300000 1.333333 1.366667 1.400000 1.433333 1.466667 1.500000 1.533333 1.566667
1.600000 1.633333 1.666667 1.700000 1.733333 1.766667 1.800000 1.833333 1.866667 1.900000 1.933333 1.966667 2.000000 2.033333 2.066667 2.100000
2.133333 2.166667</float_array>
        <technique_common>
          <accessor source="#mixamorig_Hips-Matrix-animation-input-array" count="66">
            <param name="TIME" type="float"/>
          </accessor>
        </technique_common>
      </source>
      <source id="mixamorig_Hips-Matrix-animation-output-transform">
        <float_array id="mixamorig_Hips-Matrix-animation-output-transform-array" count="1056">

0.582575 -0.129403 -0.802410 -0.844598 -0.018119 0.984932 -0.171993 88.124237 0.812575 0.114738 0.571452 0.706230 0.000000 0.000000 0.000000 1.000000
0.532533 -0.116598 -0.838340 -0.279206 -0.021472 0.988286 -0.151093 88.130035 0.846137 0.098463 0.523791 0.360892 0.000000 0.000000 0.000000 1.000000
0.528243 -0.116416 -0.841075 0.353765 -0.003290 0.990268 -0.139133 88.066422 0.849087 0.076263 0.522719 0.253295 0.000000 0.000000 0.000000 1.000000
0.527431 -0.113834 -0.841938 0.825941 0.018558 0.992290 -0.122537 87.927452 0.849395 0.049005 0.525477 0.599841 0.000000 0.000000 0.000000 1.000000
0.543096 -0.099288 -0.833780 1.034719 0.041819 0.994950 -0.091241 87.728073 0.838628 0.014685 0.544506 1.313282 0.000000 0.000000 0.000000 1.000000
0.587564 -0.064666 -0.806590 0.806823 0.063879 0.997398 -0.033431 87.453537 0.806652 -0.031882 0.590166 2.250915 0.000000 0.000000 0.000000 1.000000
0.665982 -0.011483 -0.745879 -0.337879 0.078863 0.995362 0.055091 87.044601 0.741788 -0.095511 0.663799 3.044832 0.000000 0.000000 0.000000 1.000000
0.762836 0.049016 -0.644731 -1.942320 0.079966 0.982316 0.169296 86.438187 0.641628 -0.180702 0.745427 3.367998 0.000000 0.000000 0.000000 1.000000
0.853382 0.090484 -0.513373 -2.517810 0.067848 0.957163 0.281487 85.601051 0.516852 -0.275047 0.810687 2.971671 0.000000 0.000000 0.000000 1.000000
0.928165 0.100578 -0.358321 -2.788901 0.047010 0.923395 0.380961 84.519638 0.369188 -0.370439 0.852335 2.262088 0.000000 0.000000 0.000000 1.000000
0.982458 0.064584 -0.174943 -3.058244 0.021788 0.891935 0.451638 83.098801 0.185206 -0.447528 0.874882 0.839422 0.000000 0.000000 0.000000 1.000000
0.999447 0.029436 -0.015479 -3.244325 -0.018190 0.873477 0.486526 81.349594 0.027842 -0.485976 0.873529 -1.551885 0.000000 0.000000 0.000000 1.000000
0.986880 -0.001990 0.161441 -3.600117 -0.083414 0.849850 0.520382 78.414719 -0.138236 -0.527022 0.838534 -4.873552 0.000000 0.000000 0.000000 1.000000
0.948805 -0.034106 0.314015 -4.749441 -0.151357 0.823489 0.546770 73.780205 -0.277235 -0.566307 0.776168 -9.038845 0.000000 0.000000 0.000000 1.000000
0.903996 -0.071718 0.421484 -6.730671 -0.197688 0.804001 0.560805 67.763763 -0.379093 -0.590288 0.712635 -13.896441 0.000000 0.000000 0.000000 1.000000
0.853331 -0.105213 0.510644 -9.181674 -0.242044 0.787540 0.566741 61.119225 -0.461781 -0.607216 0.646566 -19.002998 0.000000 0.000000 0.000000 1.000000
0.814731 -0.119312 0.567432 -11.583312 -0.283807 0.771311 0.569678 53.562111 -0.505636 -0.625175 0.594549 -23.709215 0.000000 0.000000 0.000000 1.000000
0.793822 -0.132271 0.593591 -13.595871 -0.312206 0.748988 0.584418 44.923798 -0.521895 -0.649247 0.553267 -27.923496 0.000000 0.000000 0.000000 1.000000
0.777305 -0.147466 0.611597 -15.191735 -0.339841 0.719683 0.605446 36.049110 -0.529439 -0.678462 0.509298 -31.731995 0.000000 0.000000 0.000000 1.000000
0.760153 -0.159936 0.629752 -16.409779 -0.385981 0.668521 0.635687 27.268639 -0.522672 -0.726292 0.446446 -34.507099 0.000000 0.000000 0.000000 1.000000
0.704087 -0.186488 0.685189 -17.437008 -0.492292 0.567208 0.660246 22.213440 -0.511772 -0.802183 0.307557 -37.327538 0.000000 0.000000 0.000000 1.000000
0.735675 -0.281760 0.615950 -18.051197 -0.502629 0.382480 0.775289 20.998985 -0.454033 -0.879955 0.139760 -39.948536 0.000000 0.000000 0.000000 1.000000
0.763435 -0.303498 0.570137 -17.784163 -0.515086 0.246489 0.820932 20.421284 -0.389684 -0.920398 0.031851 -42.213959 0.000000 0.000000 0.000000 1.000000
0.726159 -0.265589 0.634157 -17.272133 -0.613485 0.166085 0.772044 20.181053 -0.310371 -0.949673 -0.042331 -45.129616 0.000000 0.000000 0.000000 1.000000
0.720363 -0.306406 0.622248 -17.591383 -0.629460 0.087983 0.772036 20.284904 -0.291304 -0.947826 -0.129491 -47.429520 0.000000 0.000000 0.000000 1.000000
0.724295 -0.393008 0.566518 -18.260302 -0.641704 -0.083672 0.762375 20.311399 -0.252217 -0.915720 -0.312798 -49.086449 0.000000 0.000000 0.000000 1.000000
0.734027 -0.410933 0.540684 -18.131641 -0.660472 -0.246668 0.709177 20.703650 -0.158054 -0.877661 -0.452471 -51.250443 0.000000 0.000000 0.000000 1.000000
0.730442 -0.453001 0.511122 -17.864727 -0.664206 -0.296929 0.686049 21.979267 -0.159014 -0.840609 -0.517775 -53.642117 0.000000 0.000000 0.000000 1.000000
0.747699 -0.471986 0.467092 -17.252525 -0.642909 -0.338512 0.687079 24.978401 -0.166175 -0.814026 -0.556549 -55.961395 0.000000 0.000000 0.000000 1.000000
0.767607 -0.471141 0.434518 -16.386154 -0.623735 -0.393190 0.675541 27.851570 -0.147427 -0.789574 -0.595683 -58.315639 0.000000 0.000000 0.000000 1.000000
0.779057 -0.464715 0.420844 -15.790803 -0.615748 -0.440798 0.653110 29.817963 -0.118003 -0.767944 -0.629554 -60.488232 0.000000 0.000000 0.000000 1.000000
0.775412 -0.463633 0.428696 -15.335738 -0.624606 -0.463432 0.628568 30.927055 -0.092753 -0.755166 -0.648939 -62.126450 0.000000 0.000000 0.000000 1.000000
0.777574 -0.464571 0.423737 -15.076494 -0.624224 -0.489248 0.609081 31.471577 -0.075649 -0.738113 -0.670423 -63.671490 0.000000 0.000000 0.000000 1.000000
0.792423 -0.457866 0.403020 -15.015430 -0.605040 -0.506161 0.614595 32.017899 -0.077410 -0.730862 -0.678121 -65.038139 0.000000 0.000000 0.000000 1.000000
0.809725 -0.451330 0.375030 -14.991667 -0.579661 -0.515741 0.630875 32.635666 -0.091314 -0.728225 -0.679227 -66.270584 0.000000 0.000000 0.000000 1.000000
0.818785 -0.445395 0.362234 -14.986979 -0.562225 -0.494419 0.662912 32.597343 -0.116163 -0.746440 -0.655235 -67.247787 0.000000 0.000000 0.000000 1.000000
0.827643 -0.443432 0.344057 -14.807911 -0.540396 -0.464028 0.701890 31.951139 -0.151588 -0.766841 -0.623679 -68.166466 0.000000 0.000000 0.000000 1.000000
0.839152 -0.436248 0.324826 -14.631604 -0.511048 -0.428004 0.745414 30.722328 -0.186159 -0.791517 -0.582104 -68.778809 0.000000 0.000000 0.000000 1.000000
0.855290 -0.420253 0.303094 -14.483464 -0.473941 -0.398086 0.785435 28.819830 -0.209424 -0.815423 -0.539654 -68.900848 0.000000 0.000000 0.000000 1.000000
0.863792 -0.409796 0.293140 -14.101421 -0.443730 -0.343115 0.827874 26.136509 -0.238678 -0.845186 -0.478219 -68.596581 0.000000 0.000000 0.000000 1.000000
0.866672 -0.402938 0.294143 -13.757071 -0.416738 -0.260627 0.870863 22.946243 -0.274242 -0.877334 -0.393798 -68.131683 0.000000 0.000000 0.000000 1.000000
0.862374 -0.401535 0.308352 -13.497747 -0.393360 -0.147999 0.907394 19.281868 -0.318715 -0.903806 -0.285578 -67.471283 0.000000 0.000000 0.000000 1.000000
0.878768 -0.389673 0.275538 -13.604270 -0.319476 -0.051407 0.946199 16.445553 -0.354543 -0.919517 -0.169666 -66.549324 0.000000 0.000000 0.000000 1.000000
0.897406 -0.375163 0.232198 -14.449684 -0.250606 -0.000286 0.968089 16.562262 -0.363125 -0.926959 -0.094275 -65.327766 0.000000 0.000000 0.000000 1.000000
0.911959 -0.343450 0.224439 -14.885991 -0.231630 0.020526 0.972587 16.674580 -0.338642 -0.938947 -0.060834 -64.001358 0.000000 0.000000 0.000000 1.000000
0.904926 -0.376421 0.198536 -15.485635 -0.205619 0.021721 0.978391 16.589382 -0.372600 -0.926194 -0.057743 -62.767689 0.000000 0.000000 0.000000 1.000000
0.909744 -0.398119 0.117761 -16.433170 -0.119111 0.021439 0.992650 16.575714 -0.397717 -0.917083 -0.027916 -61.725277 0.000000 0.000000 0.000000 1.000000
0.907088 -0.414224 0.074897 -17.270523 -0.060151 0.048549 0.997008 16.788078 -0.416620 -0.908879 0.019122 -60.568047 0.000000 0.000000 0.000000 1.000000
0.903171 -0.422258 0.077330 -17.783026 -0.052038 0.071117 0.996110 17.322363 -0.426115 -0.903681 0.042257 -59.744984 0.000000 0.000000 0.000000 1.000000
0.902643 -0.422810 0.080414 -17.992947 -0.059267 0.062950 0.996255 17.460171 -0.426289 -0.904029 0.031763 -59.668839 0.000000 0.000000 0.000000 1.000000
0.903043 -0.422820 0.075745 -17.979664 -0.057576 0.055601 0.996792 17.351460 -0.425675 -0.904506 0.025866 -59.981651 0.000000 0.000000 0.000000 1.000000
0.902474 -0.424307 0.074196 -18.035002 -0.056547 0.054057 0.996935 17.198975 -0.427017 -0.903904 0.024791 -60.556492 0.000000 0.000000 0.000000 1.000000
0.901786 -0.424957 0.078694 -17.950092 -0.066115 0.044293 0.996828 16.737118 -0.427095 -0.904129 0.011847 -61.092300 0.000000 0.000000 0.000000 1.000000
0.900704 -0.424775 0.091093 -17.833389 -0.082632 0.038343 0.995842 16.446995 -0.426502 -0.904486 -0.000564 -61.636120 0.000000 0.000000 0.000000 1.000000
0.900733 -0.420568 0.108639 -17.609661 -0.107220 0.027096 0.993866 16.337349 -0.420932 -0.906856 -0.020687 -62.229385 0.000000 0.000000 0.000000 1.000000
0.900419 -0.415514 0.128819 -17.334452 -0.134336 0.016067 0.990806 16.257965 -0.413763 -0.909445 -0.041351 -62.719933 0.000000 0.000000 0.000000 1.000000
0.900039 -0.411153 0.144512 -17.021210 -0.155707 0.006335 0.987783 16.186161 -0.407045 -0.911544 -0.058318 -63.104500 0.000000 0.000000 0.000000 1.000000
0.900106 -0.407205 0.154895 -16.771339 -0.169831 -0.000544 0.985473 16.134956 -0.401206 -0.913336 -0.069646 -63.374779 0.000000 0.000000 0.000000 1.000000
0.899006 -0.406755 0.162293 -16.576191 -0.178419 -0.001747 0.983953 16.124908 -0.399944 -0.913536 -0.074144 -63.460003 0.000000 0.000000 0.000000 1.000000
0.898083 -0.406985 0.166762 -16.474533 -0.182607 -0.000094 0.983186 16.135489 -0.400127 -0.913435 -0.074403 -63.403942 0.000000 0.000000 0.000000 1.000000
0.897399 -0.407982 0.168004 -16.450165 -0.182224 0.004073 0.983249 16.164017 -0.401832 -0.912981 -0.070690 -63.266129 0.000000 0.000000 0.000000 1.000000
0.896490 -0.410447 0.166852 -16.485683 -0.179008 0.008945 0.983807 16.197857 -0.405293 -0.911841 -0.065454 -63.097244 0.000000 0.000000 0.000000 1.000000
0.895785 -0.414102 0.161519 -16.573439 -0.171548 0.013138 0.985088 16.227865 -0.410049 -0.910136 -0.059270 -62.905281 0.000000 0.000000 0.000000 1.000000
0.895177 -0.417900 0.154975 -16.673729 -0.162590 0.017568 0.986537 16.259621 -0.414997 -0.908323 -0.052220 -62.729549 0.000000 0.000000 0.000000 1.000000
0.894751 -0.421159 0.148475 -16.763245 -0.154120 0.020823 0.987833 16.283195 -0.419126 -0.906748 -0.046278 -62.586803 0.000000 0.000000 0.000000 1.000000
0.894840 -0.422712 0.143447 -16.844597 -0.147905 0.022431 0.988747 16.295124 -0.421173 -0.905987 -0.042449 -62.480659 0.000000 0.000000 0.000000 1.000000</float_array>
        <technique_common>
          <accessor source="#mixamorig_Hips-Matrix-animation-output-transform-array" count="66" stride="16">
            <param type="float4x4"/>
          </accessor>
        </technique_common>
      </source>
      <source id="mixamorig_Hips-Interpolations">
        <Name_array id="mixamorig_Hips-Interpolations-array" count="66">
 LINEAR LINEAR LINEAR LINEAR LINEAR LINEAR LINEAR LINEAR LINEAR LINEAR LINEAR
LINEAR LINEAR LINEAR LINEAR LINEAR LINEAR LINEAR LINEAR LINEAR LINEAR LINEAR LINEAR
LINEAR LINEAR LINEAR LINEAR LINEAR LINEAR LINEAR LINEAR LINEAR LINEAR LINEAR LINEAR
LINEAR LINEAR LINEAR LINEAR LINEAR LINEAR LINEAR LINEAR LINEAR LINEAR LINEAR LINEAR
LINEAR LINEAR LINEAR LINEAR LINEAR LINEAR LINEAR LINEAR LINEAR LINEAR LINEAR LINEAR
LINEAR LINEAR LINEAR LINEAR LINEAR LINEAR LINEAR</Name_array>
        <technique_common>
          <accessor source="#mixamorig_Hips-Interpolations-array" count="66">
            <param type="name"/>
          </accessor>
        </technique_common>
      </source>
      <sampler id="mixamorig_Hips-Matrix-animation-transform">
        <input semantic="INPUT" source="#mixamorig_Hips-Matrix-animation-input"/>
        <input semantic="OUTPUT" source="#mixamorig_Hips-Matrix-animation-output-transform"/>
        <input semantic="INTERPOLATION" source="#mixamorig_Hips-Interpolations"/>
      </sampler>
      <channel source="#mixamorig_Hips-Matrix-animation-transform" target="mixamorig_Hips/matrix"/>
    </animation>
    <animation id="mixamorig_Spine-anim" name="mixamorig_Spine">
      <source id="mixamorig_Spine-Matrix-animation-input">
        <float_array id="mixamorig_Spine-Matrix-animation-input-array" count="66">

0.000000 0.033333 0.066667 0.100000 0.133333 0.166667 0.200000 0.233333 0.266667 0.300000 0.333333 0.366667 0.400000 0.433333 0.466667 0.500000
0.533333 0.566667 0.600000 0.633333 0.666667 0.700000 0.733333 0.766667 0.800000 0.833333 0.866667 0.900000 0.933333 0.966667 1.000000 1.033333
1.066667 1.100000 1.133333 1.166667 1.200000 1.233333 1.266667 1.300000 1.333333 1.366667 1.400000 1.433333 1.466667 1.500000 1.533333 1.566667
1.600000 1.633333 1.666667 1.700000 1.733333 1.766667 1.800000 1.833333 1.866667 1.900000 1.933333 1.966667 2.000000 2.033333 2.066667 2.100000
2.133333 2.166667</float_array>
        <technique_common>
          <accessor source="#mixamorig_Spine-Matrix-animation-input-array" count="66">
            <param name="TIME" type="float"/>
          </accessor>
        </technique_common>
      </source>
      <source id="mixamorig_Spine-Matrix-animation-output-transform">
        <float_array id="mixamorig_Spine-Matrix-animation-output-transform-array" count="1056">

0.996749 0.041060 0.069327 -0.000000 -0.043324 0.998566 0.031463 10.182400 -0.067936 -0.034364 0.997098 0.000000 0.000000 0.000000 0.000000 1.000000
0.997173 0.036453 0.065706 0.000000 -0.038777 0.998654 0.034452 10.182400 -0.064362 -0.036902 0.997244 0.000000 0.000000 0.000000 0.000000 1.000000
0.998137 0.025307 0.055519 -0.000000 -0.027679 0.998718 0.042382 10.182400 -0.054375 -0.043840 0.997558 0.000000 0.000000 0.000000 0.000000 1.000000
0.999117 0.009049 0.041026 0.000000 -0.011253 0.998488 0.053801 10.182400 -0.040477 -0.054215 0.997709 -0.000000 0.000000 0.000000 0.000000 1.000000
0.999654 -0.010383 0.024158 0.000000 0.008736 0.997696 0.067279 10.182400 -0.024801 -0.067045 0.997442 -0.000000 0.000000 0.000000 0.000000 1.000000
0.999511 -0.030515 0.006863 0.000000 0.029854 0.996219 0.081593 10.182400 -0.009327 -0.081348 0.996642 0.000000 0.000000 0.000000 0.000000 1.000000
0.998797 -0.048259 -0.008656 0.000000 0.048868 0.994197 0.095839 10.182400 0.003981 -0.096147 0.995359 0.000000 0.000000 0.000000 0.000000 1.000000
0.997871 -0.061739 -0.020996 0.000000 0.063674 0.991965 0.109325 10.182400 0.014078 -0.110429 0.993784 -0.000000 0.000000 0.000000 0.000000 1.000000
0.997388 -0.070279 -0.016668 -0.000000 0.071799 0.989824 0.122857 10.182400 0.007864 -0.123733 0.992284 0.000000 0.000000 0.000000 0.000000 1.000000
0.997458 -0.070104 -0.012783 0.000000 0.071192 0.988199 0.135625 10.182400 0.003125 -0.136191 0.990678 -0.000000 0.000000 0.000000 0.000000 1.000000
0.998187 -0.059787 -0.006917 0.000000 0.060142 0.986524 0.152159 10.182400 -0.002274 -0.152299 0.988332 0.000000 0.000000 0.000000 0.000000 1.000000
0.998751 -0.049932 -0.001673 0.000000 0.049475 0.983857 0.171981 10.182400 -0.006941 -0.171849 0.985099 -0.000000 0.000000 0.000000 0.000000 1.000000
0.999188 -0.039748 -0.006635 0.000000 0.040294 0.983130 0.178414 10.182400 -0.000569 -0.178537 0.983933 0.000000 0.000000 0.000000 0.000000 1.000000
0.999390 -0.034044 -0.007839 0.000000 0.034882 0.984739 0.170509 10.182400 0.001915 -0.170678 0.985325 0.000000 0.000000 0.000000 0.000000 1.000000
0.999572 -0.028491 -0.006629 -0.000000 0.029175 0.987465 0.155116 10.182400 0.002127 -0.155243 0.987874 0.000000 0.000000 0.000000 0.000000 1.000000
0.999792 -0.019470 -0.006139 0.000000 0.020125 0.990487 0.136130 10.182400 0.003430 -0.136225 0.990672 -0.000000 0.000000 0.000000 0.000000 1.000000
0.999886 -0.014959 -0.002258 -0.000000 0.015123 0.992556 0.120850 10.182400 0.000434 -0.120870 0.992668 0.000000 0.000000 0.000000 0.000000 1.000000
0.999879 -0.014480 0.005622 0.000000 0.013796 0.994183 0.106815 10.182400 -0.007136 -0.106724 0.994263 0.000000 0.000000 0.000000 0.000000 1.000000
0.999870 -0.012782 0.009826 0.000000 0.011781 0.995316 0.095956 10.182400 -0.011006 -0.095828 0.995337 0.000000 0.000000 0.000000 0.000000 1.000000
0.999866 -0.014211 0.008111 0.000000 0.013476 0.996337 0.084446 10.182400 -0.009281 -0.084326 0.996395 0.000000 0.000000 0.000000 0.000000 1.000000
0.999798 -0.019462 -0.004985 0.000000 0.019741 0.997765 0.063832 10.182400 0.003732 -0.063917 0.997948 -0.000000 0.000000 0.000000 0.000000 1.000000
0.999607 -0.020880 0.018680 -0.000000 0.020519 0.999603 0.019309 10.182400 -0.019076 -0.018918 0.999639 -0.000000 0.000000 0.000000 0.000000 1.000000
0.999686 -0.006651 0.024157 -0.000000 0.006166 0.999779 0.020077 10.182400 -0.024285 -0.019922 0.999507 0.000000 0.000000 0.000000 0.000000 1.000000
0.999900 -0.012764 0.006150 -0.000000 0.012555 0.999377 0.032987 10.182400 -0.006567 -0.032907 0.999437 0.000000 0.000000 0.000000 0.000000 1.000000
0.999786 -0.017103 -0.011626 0.000000 0.017573 0.998981 0.041562 10.182400 0.010904 -0.041757 0.999068 0.000000 0.000000 0.000000 0.000000 1.000000
0.999637 -0.026516 -0.004848 0.000000 0.026714 0.998549 0.046750 10.182400 0.003601 -0.046862 0.998895 -0.000000 0.000000 0.000000 0.000000 1.000000
0.999464 -0.032677 0.002203 0.000000 0.032533 0.998312 0.048115 10.182400 -0.003771 -0.048017 0.998839 0.000000 0.000000 0.000000 0.000000 1.000000
0.999815 -0.003639 -0.018907 0.000000 0.004514 0.998912 0.046426 10.182400 0.018718 -0.046503 0.998743 0.000000 0.000000 0.000000 0.000000 1.000000
0.999583 0.011504 -0.026498 0.000000 -0.010303 0.998933 0.045026 10.182400 0.026987 -0.044734 0.998634 -0.000000 0.000000 0.000000 0.000000 1.000000
0.999551 0.009738 -0.028343 0.000000 -0.008505 0.999027 0.043275 10.182400 0.028737 -0.043014 0.998661 0.000000 0.000000 0.000000 0.000000 1.000000
0.999045 0.011657 -0.042107 0.000000 -0.009689 0.998864 0.046658 10.182400 0.042603 -0.046206 0.998023 -0.000000 0.000000 0.000000 0.000000 1.000000
0.998042 0.016590 -0.060303 -0.000000 -0.013330 0.998449 0.054063 10.182400 0.061107 -0.053153 0.996715 0.000000 0.000000 0.000000 0.000000 1.000000
0.997044 0.020410 -0.074067 0.000000 -0.016001 0.998091 0.059645 10.182400 0.075143 -0.058284 0.995468 0.000000 0.000000 0.000000 0.000000 1.000000
0.996394 0.023276 -0.081589 0.000000 -0.017716 0.997513 0.068227 10.182400 0.082974 -0.066536 0.994328 0.000000 0.000000 0.000000 0.000000 1.000000
0.996271 0.022883 -0.083188 0.000000 -0.016679 0.997079 0.074528 10.182400 0.084651 -0.072863 0.993743 0.000000 0.000000 0.000000 0.000000 1.000000
0.996369 0.021900 -0.082275 0.000000 -0.014749 0.996140 0.086535 10.182400 0.083852 -0.085007 0.992846 0.000000 0.000000 0.000000 0.000000 1.000000
0.996706 0.019566 -0.078709 0.000000 -0.011854 0.995187 0.097276 10.182400 0.080234 -0.096023 0.992140 0.000000 0.000000 0.000000 0.000000 1.000000
0.997148 0.012779 -0.074375 -0.000000 -0.004971 0.994541 0.104230 10.182400 0.075301 -0.103563 0.991768 0.000000 0.000000 0.000000 0.000000 1.000000
0.997489 -0.000681 -0.070821 0.000000 0.008021 0.994607 0.103403 10.182400 0.070369 -0.103711 0.992115 0.000000 0.000000 0.000000 0.000000 1.000000
0.997993 -0.006957 -0.062947 -0.000000 0.014187 0.993248 0.115143 10.182400 0.061721 -0.115805 0.991352 0.000000 0.000000 0.000000 0.000000 1.000000
0.998384 -0.011225 -0.055705 0.000000 0.018174 0.991881 0.125868 10.182400 0.053840 -0.126677 0.990482 0.000000 0.000000 0.000000 0.000000 1.000000
0.998819 -0.009011 -0.047751 0.000000 0.015683 0.989850 0.141245 10.182400 0.045993 -0.141827 0.988822 0.000000 0.000000 0.000000 0.000000 1.000000
0.999424 -0.006923 -0.033219 0.000000 0.011984 0.987895 0.154658 10.182400 0.031746 -0.154967 0.987409 0.000000 0.000000 0.000000 0.000000 1.000000
0.999487 -0.003453 -0.031853 0.000000 0.008594 0.986634 0.162723 10.182400 0.030865 -0.162913 0.986158 0.000000 0.000000 0.000000 0.000000 1.000000
0.999176 -0.012601 -0.038586 0.000000 0.018951 0.985448 0.168915 10.182400 0.035896 -0.169507 0.984875 0.000000 0.000000 0.000000 0.000000 1.000000
0.999430 0.002145 -0.033687 -0.000000 0.003441 0.986305 0.164896 10.182400 0.033579 -0.164918 0.985735 0.000000 0.000000 0.000000 0.000000 1.000000
0.999710 0.017727 -0.016295 0.000000 -0.014848 0.986616 0.162383 10.182400 0.018955 -0.162094 0.986593 0.000000 0.000000 0.000000 0.000000 1.000000
0.999571 0.029293 -0.000478 0.000000 -0.028727 0.983215 0.180174 10.182400 0.005747 -0.180083 0.983635 0.000000 0.000000 0.000000 0.000000 1.000000
0.999587 0.028722 0.001343 0.000000 -0.028489 0.982987 0.181455 10.182400 0.003891 -0.181418 0.983398 0.000000 0.000000 0.000000 0.000000 1.000000
0.999575 0.029129 -0.001519 0.000000 -0.028385 0.983407 0.179180 10.182400 0.006713 -0.179061 0.983815 0.000000 0.000000 0.000000 0.000000 1.000000
0.999639 0.026788 -0.001916 -0.000000 -0.026026 0.983853 0.177078 10.182400 0.006629 -0.176964 0.984195 -0.000000 0.000000 0.000000 0.000000 1.000000
0.999627 0.027290 -0.001077 -0.000000 -0.026688 0.984432 0.173728 10.182400 0.005801 -0.173635 0.984793 0.000000 0.000000 0.000000 0.000000 1.000000
0.999613 0.027688 -0.002523 -0.000000 -0.026844 0.984804 0.171585 10.182400 0.007235 -0.171451 0.985166 0.000000 0.000000 0.000000 0.000000 1.000000
0.999565 0.028959 -0.005540 -0.000000 -0.027618 0.985413 0.167926 10.182400 0.010322 -0.167700 0.985784 0.000000 0.000000 0.000000 0.000000 1.000000
0.999612 0.026075 -0.009789 0.000000 -0.024127 0.986272 0.163357 10.182400 0.013914 -0.163058 0.986518 0.000000 0.000000 0.000000 0.000000 1.000000
0.999654 0.022448 -0.013744 0.000000 -0.019959 0.986887 0.160176 10.182400 0.017159 -0.159846 0.986993 -0.000000 0.000000 0.000000 0.000000 1.000000
0.999668 0.018406 -0.018044 0.000000 -0.015353 0.987513 0.156789 10.182400 0.020705 -0.156459 0.987467 0.000000 0.000000 0.000000 0.000000 1.000000
0.999682 0.014250 -0.020801 0.000000 -0.010874 0.987974 0.154237 10.182400 0.022749 -0.153961 0.987815 0.000000 0.000000 0.000000 0.000000 1.000000
0.999668 0.012811 -0.022349 -0.000000 -0.009234 0.988124 0.153382 10.182400 0.024049 -0.153125 0.987914 0.000000 0.000000 0.000000 0.000000 1.000000
0.999657 0.012487 -0.023016 0.000000 -0.008799 0.988046 0.153908 10.182400 0.024663 -0.153653 0.987817 -0.000000 0.000000 0.000000 0.000000 1.000000
0.999657 0.013255 -0.022606 0.000000 -0.009581 0.987787 0.155515 10.182400 0.024391 -0.155245 0.987575 0.000000 0.000000 0.000000 0.000000 1.000000
0.999669 0.014892 -0.020997 0.000000 -0.011412 0.987520 0.157082 10.182400 0.023074 -0.156791 0.987362 0.000000 0.000000 0.000000 0.000000 1.000000
0.999675 0.016781 -0.019184 0.000000 -0.013549 0.987393 0.157705 10.182400 0.021588 -0.157393 0.987300 -0.000000 0.000000 0.000000 0.000000 1.000000
0.999682 0.018745 -0.016854 0.000000 -0.015835 0.987200 0.158699 10.182400 0.019613 -0.158382 0.987183 0.000000 0.000000 0.000000 0.000000 1.000000
0.999680 0.020436 -0.014913 0.000000 -0.017800 0.987051 0.159415 10.182400 0.017977 -0.159099 0.987099 0.000000 0.000000 0.000000 0.000000 1.000000
0.999675 0.021504 -0.013661 0.000000 -0.019051 0.986996 0.159612 10.182400 0.016915 -0.159300 0.987085 0.000000 0.000000 0.000000 0.000000 1.000000</float_array>
        <technique_common>
          <accessor source="#mixamorig_Spine-Matrix-animation-output-transform-array" count="66" stride="16">
            <param type="float4x4"/>
          </accessor>
        </technique_common>
      </source>
      <source id="mixamorig_Spine-Interpolations">
        <Name_array id="mixamorig_Spine-Interpolations-array" count="66">
 LINEAR LINEAR LINEAR LINEAR LINEAR LINEAR LINEAR LINEAR LINEAR LINEAR LINEAR
LINEAR LINEAR LINEAR LINEAR LINEAR LINEAR LINEAR LINEAR LINEAR LINEAR LINEAR LINEAR
LINEAR LINEAR LINEAR LINEAR LINEAR LINEAR LINEAR LINEAR LINEAR LINEAR LINEAR LINEAR
LINEAR LINEAR LINEAR LINEAR LINEAR LINEAR LINEAR LINEAR LINEAR LINEAR LINEAR LINEAR
LINEAR LINEAR LINEAR LINEAR LINEAR LINEAR LINEAR LINEAR LINEAR LINEAR LINEAR LINEAR
LINEAR LINEAR LINEAR LINEAR LINEAR LINEAR LINEAR</Name_array>
        <technique_common>
          <accessor source="#mixamorig_Spine-Interpolations-array" count="66">
            <param type="name"/>
          </accessor>
        </technique_common>
      </source>
      <sampler id="mixamorig_Spine-Matrix-animation-transform">
        <input semantic="INPUT" source="#mixamorig_Spine-Matrix-animation-input"/>
        <input semantic="OUTPUT" source="#mixamorig_Spine-Matrix-animation-output-transform"/>
        <input semantic="INTERPOLATION" source="#mixamorig_Spine-Interpolations"/>
      </sampler>
      <channel source="#mixamorig_Spine-Matrix-animation-transform" target="mixamorig_Spine/matrix"/>
    </animation>
    <animation id="mixamorig_Spine1-anim" name="mixamorig_Spine1">
      <source id="mixamorig_Spine1-Matrix-animation-input">
        <float_array id="mixamorig_Spine1-Matrix-animation-input-array" count="66">

0.000000 0.033333 0.066667 0.100000 0.133333 0.166667 0.200000 0.233333 0.266667 0.300000 0.333333 0.366667 0.400000 0.433333 0.466667 0.500000
0.533333 0.566667 0.600000 0.633333 0.666667 0.700000 0.733333 0.766667 0.800000 0.833333 0.866667 0.900000 0.933333 0.966667 1.000000 1.033333
1.066667 1.100000 1.133333 1.166667 1.200000 1.233333 1.266667 1.300000 1.333333 1.366667 1.400000 1.433333 1.466667 1.500000 1.533333 1.566667
1.600000 1.633333 1.666667 1.700000 1.733333 1.766667 1.800000 1.833333 1.866667 1.900000 1.933333 1.966667 2.000000 2.033333 2.066667 2.100000
2.133333 2.166667</float_array>
        <technique_common>
          <accessor source="#mixamorig_Spine1-Matrix-animation-input-array" count="66">
            <param name="TIME" type="float"/>
          </accessor>
        </technique_common>
      </source>
      <source id="mixamorig_Spine1-Matrix-animation-output-transform">
        <float_array id="mixamorig_Spine1-Matrix-animation-output-transform-array" count="1056">

0.998870 -0.043761 0.018560 0.000000 0.044152 0.998800 -0.021196 10.002700 -0.017610 0.021992 0.999603 -0.000000 0.000000 0.000000 0.000000 1.000000
0.998907 -0.045833 0.009125 -0.000000 0.046054 0.998609 -0.025681 10.002700 -0.007935 0.026073 0.999629 0.000000 0.000000 0.000000 0.000000 1.000000
0.998562 -0.051619 -0.014480 -0.000000 0.051050 0.998001 -0.037251 10.002700 0.016374 0.036458 0.999201 0.000000 0.000000 0.000000 0.000000 1.000000
0.997147 -0.060475 -0.045184 0.000000 0.058053 0.996899 -0.053128 10.002700 0.048257 0.050353 0.997565 0.000000 0.000000 0.000000 0.000000 1.000000
0.994530 -0.071757 -0.075897 0.000000 0.066443 0.995306 -0.070365 10.002700 0.080590 0.064937 0.994630 0.000000 0.000000 0.000000 0.000000 1.000000
0.991407 -0.084818 -0.099585 -0.000000 0.076377 0.993388 -0.085713 10.002700 0.106197 0.077370 0.991330 0.000000 0.000000 0.000000 0.000000 1.000000
0.989064 -0.099010 -0.109316 0.000000 0.088689 0.991466 -0.095552 10.002700 0.117844 0.084812 0.989404 -0.000000 0.000000 0.000000 0.000000 1.000000
0.989848 -0.114267 -0.084516 -0.000000 0.106344 0.989973 -0.092971 10.002700 0.094292 0.083039 0.992075 -0.000000 0.000000 0.000000 0.000000 1.000000
0.990718 -0.128890 -0.043195 0.000000 0.125537 0.989402 -0.072972 10.002700 0.052142 0.066872 0.996398 0.000000 0.000000 0.000000 0.000000 1.000000
0.990239 -0.138727 -0.013503 -0.000000 0.137911 0.989218 -0.049286 10.002700 0.020195 0.046943 0.998693 0.000000 0.000000 0.000000 0.000000 1.000000
0.992423 -0.122755 -0.005354 0.000000 0.122659 0.992326 -0.015634 10.002700 0.007232 0.014859 0.999863 -0.000000 0.000000 0.000000 0.000000 1.000000
0.994193 -0.107584 -0.002593 -0.000000 0.107615 0.993887 0.024633 10.002700 -0.000073 -0.024769 0.999693 0.000000 0.000000 0.000000 0.000000 1.000000
0.995992 -0.088286 -0.014353 0.000000 0.088768 0.995350 0.037403 10.002700 0.010984 -0.038527 0.999197 0.000000 0.000000 0.000000 0.000000 1.000000
0.997192 -0.073348 -0.015124 0.000000 0.073663 0.997053 0.021414 10.002700 0.013508 -0.022468 0.999656 -0.000000 0.000000 0.000000 0.000000 1.000000
0.998264 -0.056938 -0.015036 0.000000 0.056796 0.998339 -0.009681 10.002700 0.015562 0.008810 0.999840 0.000000 0.000000 0.000000 0.000000 1.000000
0.998689 -0.048445 -0.016557 -0.000000 0.047600 0.997708 -0.048097 10.002700 0.018849 0.047246 0.998705 -0.000000 0.000000 0.000000 0.000000 1.000000
0.998706 -0.050427 -0.006590 -0.000000 0.049753 0.995653 -0.078732 10.002700 0.010532 0.078303 0.996874 0.000000 0.000000 0.000000 0.000000 1.000000
0.998530 -0.053381 0.009376 0.000000 0.054077 0.992844 -0.106472 10.002700 -0.003625 0.106823 0.994271 0.000000 0.000000 0.000000 0.000000 1.000000
0.998131 -0.057152 0.021649 0.000000 0.059458 0.990023 -0.127743 10.002700 -0.014132 0.128791 0.991571 0.000000 0.000000 0.000000 0.000000 1.000000
0.997238 -0.068941 0.027631 -0.000000 0.072334 0.985942 -0.150621 10.002700 -0.016858 0.152203 0.988205 -0.000000 0.000000 0.000000 0.000000 1.000000
0.997008 -0.077280 0.001807 0.000000 0.076331 0.980536 -0.180892 10.002700 0.012208 0.180488 0.983501 0.000000 0.000000 0.000000 0.000000 1.000000
0.998320 -0.043066 0.038761 -0.000000 0.051742 0.963701 -0.261921 10.002700 -0.026074 0.263487 0.964311 -0.000000 0.000000 0.000000 0.000000 1.000000
0.998174 -0.029925 0.052477 0.000000 0.042724 0.963842 -0.263028 10.002700 -0.042709 0.264789 0.963360 0.000000 0.000000 0.000000 0.000000 1.000000
0.997469 -0.066133 0.026123 -0.000000 0.070784 0.958410 -0.276477 10.002700 -0.006753 0.277627 0.960665 0.000000 0.000000 0.000000 0.000000 1.000000
0.995620 -0.093315 -0.005816 -0.000000 0.087756 0.954146 -0.286190 10.002700 0.032255 0.284426 0.958155 0.000000 0.000000 0.000000 0.000000 1.000000
0.993876 -0.110440 0.003760 -0.000000 0.107322 0.956594 -0.270943 10.002700 0.026326 0.269688 0.962588 -0.000000 0.000000 0.000000 0.000000 1.000000
0.991608 -0.127362 0.022178 -0.000000 0.128456 0.951379 -0.279958 10.002700 0.014556 0.280458 0.959756 0.000000 0.000000 0.000000 0.000000 1.000000
0.995279 -0.094688 -0.021289 0.000000 0.084374 0.952591 -0.292320 10.002700 0.047959 0.289144 0.956084 -0.000000 0.000000 0.000000 0.000000 1.000000
0.995984 -0.081175 -0.037764 0.000000 0.066034 0.950893 -0.302393 10.002700 0.060456 0.298685 0.952435 -0.000000 0.000000 0.000000 0.000000 1.000000
0.994584 -0.096038 -0.039733 0.000000 0.079110 0.947480 -0.309876 10.002700 0.067406 0.305055 0.949946 0.000000 0.000000 0.000000 0.000000 1.000000
0.991246 -0.111037 -0.071434 0.000000 0.082644 0.943748 -0.320173 10.002700 0.102967 0.311466 0.944662 -0.000000 0.000000 0.000000 0.000000 1.000000
0.987806 -0.106546 -0.113522 0.000000 0.066726 0.948516 -0.309622 10.002700 0.140667 0.298271 0.944059 0.000000 0.000000 0.000000 0.000000 1.000000
0.984137 -0.099301 -0.147016 -0.000000 0.050465 0.951135 -0.304622 10.002700 0.170082 0.292371 0.941059 0.000000 0.000000 0.000000 0.000000 1.000000
0.982157 -0.085524 -0.167489 0.000000 0.033616 0.956106 -0.291085 10.002700 0.185033 0.280261 0.941922 0.000000 0.000000 0.000000 0.000000 1.000000
0.982054 -0.073886 -0.173525 0.000000 0.022616 0.959563 -0.280583 10.002700 0.187239 0.271623 0.944014 0.000000 0.000000 0.000000 0.000000 1.000000
0.983167 -0.060091 -0.172547 -0.000000 0.013622 0.965848 -0.258750 10.002700 0.182203 0.252044 0.950408 0.000000 0.000000 0.000000 0.000000 1.000000
0.985099 -0.047368 -0.165335 -0.000000 0.006629 0.971067 -0.238714 10.002700 0.171859 0.234061 0.956912 0.000000 0.000000 0.000000 0.000000 1.000000
0.987061 -0.042916 -0.154498 0.000000 0.007268 0.974502 -0.224260 10.002700 0.160183 0.220235 0.962205 0.000000 0.000000 0.000000 0.000000 1.000000
0.989028 -0.046737 -0.140140 -0.000000 0.015672 0.976476 -0.215055 10.002700 0.146895 0.210500 0.966495 0.000000 0.000000 0.000000 0.000000 1.000000
0.990793 -0.053183 -0.124503 0.000000 0.027386 0.979333 -0.200394 10.002700 0.132587 0.195139 0.971772 0.000000 0.000000 0.000000 0.000000 1.000000
0.992394 -0.055593 -0.109835 0.000000 0.035404 0.983417 -0.177868 10.002700 0.117902 0.172627 0.977905 0.000000 0.000000 0.000000 0.000000 1.000000
0.993884 -0.053176 -0.096786 0.000000 0.038606 0.988438 -0.146631 10.002700 0.103464 0.141998 0.984445 0.000000 0.000000 0.000000 0.000000 1.000000
0.995469 -0.065649 -0.068786 0.000000 0.057038 0.991082 -0.120431 10.002700 0.076079 0.115962 0.990336 0.000000 0.000000 0.000000 0.000000 1.000000
0.995627 -0.067556 -0.064520 0.000000 0.059957 0.991760 -0.113217 10.002700 0.071637 0.108854 0.991473 0.000000 0.000000 0.000000 0.000000 1.000000
0.994371 -0.077313 -0.072447 0.000000 0.069411 0.991954 -0.105873 10.002700 0.080049 0.100248 0.991737 0.000000 0.000000 0.000000 0.000000 1.000000
0.996812 -0.041542 -0.068125 0.000000 0.033557 0.992865 -0.114428 10.002700 0.072392 0.111777 0.991093 -0.000000 0.000000 0.000000 0.000000 1.000000
0.999224 -0.016381 -0.035821 0.000000 0.012691 0.994814 -0.100921 10.002700 0.037288 0.100388 0.994249 0.000000 0.000000 0.000000 0.000000 1.000000
0.999895 0.007257 -0.012570 0.000000 -0.007956 0.998375 -0.056435 10.002700 0.012140 0.056529 0.998327 0.000000 0.000000 0.000000 0.000000 1.000000
0.999461 0.031460 -0.009395 -0.000000 -0.031725 0.999057 -0.029628 10.002700 0.008454 0.029910 0.999517 0.000000 0.000000 0.000000 0.000000 1.000000
0.999035 0.041757 -0.013626 0.000000 -0.042305 0.998191 -0.042725 10.002700 0.011817 0.043261 0.998994 0.000000 0.000000 0.000000 0.000000 1.000000
0.998773 0.048098 -0.011756 0.000000 -0.048582 0.997802 -0.045056 10.002700 0.009563 0.045572 0.998915 0.000000 0.000000 0.000000 0.000000 1.000000
0.998755 0.048828 -0.010216 -0.000000 -0.049283 0.997510 -0.050455 10.002700 0.007727 0.050895 0.998674 0.000000 0.000000 0.000000 0.000000 1.000000
0.998884 0.045022 -0.014303 0.000000 -0.045801 0.997156 -0.059858 10.002700 0.011568 0.060446 0.998104 -0.000000 0.000000 0.000000 0.000000 1.000000
0.999006 0.039160 -0.021315 -0.000000 -0.040556 0.996751 -0.069590 10.002700 0.018520 0.070386 0.997348 0.000000 0.000000 0.000000 0.000000 1.000000
0.999055 0.032786 -0.028542 0.000000 -0.034994 0.996130 -0.080629 10.002700 0.025788 0.081551 0.996335 -0.000000 0.000000 0.000000 0.000000 1.000000
0.999050 0.025109 -0.035609 -0.000000 -0.028291 0.995369 -0.091868 10.002700 0.033137 0.092788 0.995134 0.000000 0.000000 0.000000 0.000000 1.000000
0.998987 0.017595 -0.041408 -0.000000 -0.021693 0.994681 -0.100694 10.002700 0.039416 0.101490 0.994055 0.000000 0.000000 0.000000 0.000000 1.000000
0.998912 0.011646 -0.045153 0.000000 -0.016398 0.994193 -0.106353 10.002700 0.043652 0.106978 0.993303 -0.000000 0.000000 0.000000 0.000000 1.000000
0.998842 0.008753 -0.047314 -0.000000 -0.013761 0.994209 -0.106578 10.002700 0.046108 0.107106 0.993178 -0.000000 0.000000 0.000000 0.000000 1.000000
0.998781 0.007881 -0.048720 -0.000000 -0.012953 0.994423 -0.104666 10.002700 0.047623 0.105170 0.993313 0.000000 0.000000 0.000000 0.000000 1.000000
0.998779 0.008819 -0.048606 0.000000 -0.013692 0.994808 -0.100840 10.002700 0.047465 0.101383 0.993715 -0.000000 0.000000 0.000000 0.000000 1.000000
0.998855 0.011836 -0.046344 -0.000000 -0.016270 0.995199 -0.096514 10.002700 0.044979 0.097157 0.994252 0.000000 0.000000 0.000000 0.000000 1.000000
0.998932 0.016726 -0.043077 -0.000000 -0.020656 0.995502 -0.092461 10.002700 0.041336 0.093252 0.994784 -0.000000 0.000000 0.000000 0.000000 1.000000
0.999002 0.021816 -0.038975 0.000000 -0.025197 0.995760 -0.088474 10.002700 0.036880 0.089368 0.995316 0.000000 0.000000 0.000000 0.000000 1.000000
0.999021 0.026068 -0.035730 0.000000 -0.029047 0.995908 -0.085573 10.002700 0.033353 0.086527 0.995691 0.000000 0.000000 0.000000 0.000000 1.000000
0.999030 0.028486 -0.033593 0.000000 -0.031224 0.995974 -0.084024 10.002700 0.031064 0.084991 0.995897 0.000000 0.000000 0.000000 0.000000 1.000000</float_array>
        <technique_common>
          <accessor source="#mixamorig_Spine1-Matrix-animation-output-transform-array" count="66" stride="16">
            <param type="float4x4"/>
          </accessor>
        </technique_common>
      </source>
      <source id="mixamorig_Spine1-Interpolations">
        <Name_array id="mixamorig_Spine1-Interpolations-array" count="66">
 LINEAR LINEAR LINEAR LINEAR LINEAR LINEAR LINEAR LINEAR LINEAR LINEAR LINEAR
LINEAR LINEAR LINEAR LINEAR LINEAR LINEAR LINEAR LINEAR LINEAR LINEAR LINEAR LINEAR
LINEAR LINEAR LINEAR LINEAR LINEAR LINEAR LINEAR LINEAR LINEAR LINEAR LINEAR LINEAR
LINEAR LINEAR LINEAR LINEAR LINEAR LINEAR LINEAR LINEAR LINEAR LINEAR LINEAR LINEAR
LINEAR LINEAR LINEAR LINEAR LINEAR LINEAR LINEAR LINEAR LINEAR LINEAR LINEAR LINEAR
LINEAR LINEAR LINEAR LINEAR LINEAR LINEAR LINEAR</Name_array>
        <technique_common>
          <accessor source="#mixamorig_Spine1-Interpolations-array" count="66">
            <param type="name"/>
          </accessor>
        </technique_common>
      </source>
      <sampler id="mixamorig_Spine1-Matrix-animation-transform">
        <input semantic="INPUT" source="#mixamorig_Spine1-Matrix-animation-input"/>
        <input semantic="OUTPUT" source="#mixamorig_Spine1-Matrix-animation-output-transform"/>
        <input semantic="INTERPOLATION" source="#mixamorig_Spine1-Interpolations"/>
      </sampler>
      <channel source="#mixamorig_Spine1-Matrix-animation-transform" target="mixamorig_Spine1/matrix"/>
    </animation>
    <animation id="mixamorig_Spine2-anim" name="mixamorig_Spine2">
      <source id="mixamorig_Spine2-Matrix-animation-input">
        <float_array id="mixamorig_Spine2-Matrix-animation-input-array" count="66">

0.000000 0.033333 0.066667 0.100000 0.133333 0.166667 0.200000 0.233333 0.266667 0.300000 0.333333 0.366667 0.400000 0.433333 0.466667 0.500000
0.533333 0.566667 0.600000 0.633333 0.666667 0.700000 0.733333 0.766667 0.800000 0.833333 0.866667 0.900000 0.933333 0.966667 1.000000 1.033333
1.066667 1.100000 1.133333 1.166667 1.200000 1.233333 1.266667 1.300000 1.333333 1.366667 1.400000 1.433333 1.466667 1.500000 1.533333 1.566667
1.600000 1.633333 1.666667 1.700000 1.733333 1.766667 1.800000 1.833333 1.866667 1.900000 1.933333 1.966667 2.000000 2.033333 2.066667 2.100000
2.133333 2.166667</float_array>
        <technique_common>
          <accessor source="#mixamorig_Spine2-Matrix-animation-input-array" count="66">
            <param name="TIME" type="float"/>
          </accessor>
        </technique_common>
      </source>
      <source id="mixamorig_Spine2-Matrix-animation-output-transform">
        <float_array id="mixamorig_Spine2-Matrix-animation-output-transform-array" count="1056">

0.999575 -0.020934 0.020275 0.000000 0.021525 0.999336 -0.029408 9.322100 -0.019646 0.029832 0.999362 0.000000 0.000000 0.000000 0.000000 1.000000
0.999655 -0.023872 0.010991 0.000000 0.024237 0.999115 -0.034375 9.322100 -0.010160 0.034630 0.999349 -0.000000 0.000000 0.000000 0.000000 1.000000
