<?xml version="1.0" encoding="utf-8"?>
<COLLADA xmlns="http://www.collada.org/2005/11/COLLADASchema" version="1.4.1">
  <asset>
    <contributor>
      <author>Mixamo</author>
      <authoring_tool>COLLADA Mixamo exporter</authoring_tool>
      <comments/>
    </contributor>
    <created>2024-04-17T17:08:26Z</created>
    <modified>2024-04-17T17:08:26Z</modified>
    <revision/>
    <title/>
    <unit meter="0.010000"/>
    <up_axis>Y_UP</up_axis>
  </asset>
  <library_animations>
    <animation id="mixamorig_Hips-anim" name="mixamorig_Hips">
      <source id="mixamorig_Hips-Matrix-animation-input">
        <float_array id="mixamorig_Hips-Matrix-animation-input-array" count="25">

0.000000 0.033333 0.066667 0.100000 0.133333 0.166667 0.200000 0.233333 0.266667 0.300000 0.333333 0.366667 0.400000 0.433333 0.466667 0.500000
0.533333 0.566667 0.600000 0.633333 0.666667 0.700000 0.733333 0.766667 0.800000</float_array>
        <technique_common>
          <accessor source="#mixamorig_Hips-Matrix-animation-input-array" count="25">
            <param name="TIME" type="float"/>
          </accessor>
        </technique_common>
      </source>
      <source id="mixamorig_Hips-Matrix-animation-output-transform">
        <float_array id="mixamorig_Hips-Matrix-animation-output-transform-array" count="400">

0.999531 0.024839 0.017892 0.323992 -0.019285 0.964843 -0.262118 94.067787 -0.023774 0.261650 0.964870 1.820190 0.000000 0.000000 0.000000 1.000000
0.992484 -0.083315 0.089630 -1.069889 0.103269 0.963193 -0.248183 103.491386 -0.065653 0.255574 0.964558 14.726917 0.000000 0.000000 0.000000 1.000000
0.971575 -0.187635 0.144346 -2.712570 0.220297 0.939839 -0.261096 111.705177 -0.086671 0.285474 0.954460 26.474838 0.000000 0.000000 0.000000 1.000000
0.991776 -0.040260 0.121486 -2.512263 0.075975 0.949086 -0.305718 118.566475 -0.102992 0.312434 0.944340 36.979630 0.000000 0.000000 0.000000 1.000000
0.998962 -0.027778 0.036115 -2.569559 0.038113 0.943801 -0.328310 123.734962 -0.024965 0.329345 0.943880 46.848408 0.000000 0.000000 0.000000 1.000000
0.999987 -0.002688 0.004235 -2.071873 0.003965 0.940700 -0.339216 128.189941 -0.003072 0.339228 0.940699 56.782948 0.000000 0.000000 0.000000 1.000000
0.999359 0.034823 -0.008281 -1.063914 -0.035340 0.923185 -0.382727 131.751083 -0.005683 0.382774 0.923825 66.790047 0.000000 0.000000 0.000000 1.000000
0.997961 0.058291 -0.025995 0.268028 -0.063790 0.897746 -0.435871 133.911102 -0.002071 0.436640 0.899634 77.343491 0.000000 0.000000 0.000000 1.000000
0.996187 0.063477 -0.059856 1.554711 -0.083895 0.885279 -0.457430 134.594955 0.023953 0.460707 0.887229 89.096916 0.000000 0.000000 0.000000 1.000000
0.994668 0.060305 -0.083662 2.589018 -0.090991 0.895011 -0.436664 133.928894 0.048546 0.441948 0.895726 102.104607 0.000000 0.000000 0.000000 1.000000
0.993494 0.057936 -0.098047 3.342477 -0.093373 0.907286 -0.410016 132.479263 0.065202 0.416503 0.906793 115.975479 0.000000 0.000000 0.000000 1.000000
0.990271 0.062661 -0.124247 3.834345 -0.107671 0.910658 -0.398884 130.550018 0.088152 0.408381 0.908545 129.785248 0.000000 0.000000 0.000000 1.000000
0.987787 0.065259 -0.141486 4.170634 -0.115955 0.914433 -0.387772 127.912003 0.104074 0.399442 0.910832 142.980713 0.000000 0.000000 0.000000 1.000000
0.986766 0.064795 -0.148643 4.530920 -0.116889 0.919582 -0.375109 124.220009 0.112385 0.387519 0.914986 155.866211 0.000000 0.000000 0.000000 1.000000
0.980256 0.094223 -0.173841 5.018793 -0.152595 0.919592 -0.362029 119.184944 0.125752 0.381408 0.915814 168.940903 0.000000 0.000000 0.000000 1.000000
0.978696 0.110567 -0.172998 5.092625 -0.162638 0.931774 -0.324572 113.086578 0.125308 0.345794 0.929906 182.124344 0.000000 0.000000 0.000000 1.000000
0.980925 0.091407 -0.171553 4.753931 -0.136089 0.953106 -0.270312 105.663979 0.138800 0.288503 0.947365 195.217224 0.000000 0.000000 0.000000 1.000000
0.976924 0.085928 -0.195542 4.859377 -0.129402 0.966470 -0.221789 97.630440 0.169928 0.241974 0.955287 208.015656 0.000000 0.000000 0.000000 1.000000
0.973309 0.061759 -0.221033 4.955961 -0.108147 0.972898 -0.204386 91.377235 0.202420 0.222835 0.953609 221.473862 0.000000 0.000000 0.000000 1.000000
0.964375 0.058673 -0.257949 4.827266 -0.119850 0.966184 -0.228307 87.681076 0.235831 0.251089 0.938796 234.978531 0.000000 0.000000 0.000000 1.000000
0.959351 0.086264 -0.268709 4.417239 -0.156839 0.954531 -0.253518 86.418747 0.234622 0.285357 0.929260 247.115829 0.000000 0.000000 0.000000 1.000000
0.971319 0.141600 -0.191018 3.908138 -0.189890 0.945440 -0.264735 86.395973 0.143109 0.293415 0.945213 258.068024 0.000000 0.000000 0.000000 1.000000
0.980190 0.178616 -0.085574 3.283496 -0.195943 0.937499 -0.287579 87.557213 0.028859 0.298649 0.953926 268.627502 0.000000 0.000000 0.000000 1.000000
0.993126 0.114297 -0.025228 1.855958 -0.116764 0.952436 -0.281481 91.165489 -0.008145 0.282492 0.959235 279.495728 0.000000 0.000000 0.000000 1.000000
0.999531 0.024839 0.017892 0.323991 -0.019285 0.964843 -0.262118 94.067787 -0.023774 0.261650 0.964870 290.645721 0.000000 0.000000 0.000000 1.000000</float_array>
        <technique_common>
          <accessor source="#mixamorig_Hips-Matrix-animation-output-transform-array" count="25" stride="16">
            <param type="float4x4"/>
          </accessor>
        </technique_common>
      </source>
      <source id="mixamorig_Hips-Interpolations">
        <Name_array id="mixamorig_Hips-Interpolations-array" count="25">
 LINEAR LINEAR LINEAR LINEAR LINEAR LINEAR LINEAR LINEAR LINEAR LINEAR LINEAR
LINEAR LINEAR LINEAR LINEAR LINEAR LINEAR LINEAR LINEAR LINEAR LINEAR LINEAR LINEAR
LINEAR LINEAR</Name_array>
        <technique_common>
          <accessor source="#mixamorig_Hips-Interpolations-array" count="25">
            <param type="name"/>
          </accessor>
        </technique_common>
      </source>
      <sampler id="mixamorig_Hips-Matrix-animation-transform">
        <input semantic="INPUT" source="#mixamorig_Hips-Matrix-animation-input"/>
        <input semantic="OUTPUT" source="#mixamorig_Hips-Matrix-animation-output-transform"/>
        <input semantic="INTERPOLATION" source="#mixamorig_Hips-Interpolations"/>
      </sampler>
      <channel source="#mixamorig_Hips-Matrix-animation-transform" target="mixamorig_Hips/matrix"/>
    </animation>
    <animation id="mixamorig_Spine-anim" name="mixamorig_Spine">
      <source id="mixamorig_Spine-Matrix-animation-input">
        <float_array id="mixamorig_Spine-Matrix-animation-input-array" count="25">

0.000000 0.033333 0.066667 0.100000 0.133333 0.166667 0.200000 0.233333 0.266667 0.300000 0.333333 0.366667 0.400000 0.433333 0.466667 0.500000
0.533333 0.566667 0.600000 0.633333 0.666667 0.700000 0.733333 0.766667 0.800000</float_array>
        <technique_common>
          <accessor source="#mixamorig_Spine-Matrix-animation-input-array" count="25">
            <param name="TIME" type="float"/>
          </accessor>
        </technique_common>
      </source>
      <source id="mixamorig_Spine-Matrix-animation-output-transform">
        <float_array id="mixamorig_Spine-Matrix-animation-output-transform-array" count="400">

0.998395 -0.050246 -0.026139 -0.000000 0.052816 0.992603 0.109319 10.182400 0.020453 -0.110524 0.993663 0.000000 0.000000 0.000000 0.000000 1.000000
0.996461 0.084048 -0.000968 -0.000000 -0.083401 0.990092 0.112971 10.182400 0.010453 -0.112490 0.993598 0.000000 0.000000 0.000000 0.000000 1.000000
0.971855 0.232934 0.035197 0.000000 -0.235455 0.965276 0.113154 10.182400 -0.007618 -0.118257 0.992954 0.000000 0.000000 0.000000 0.000000 1.000000
0.995008 0.095510 0.028918 0.000000 -0.098236 0.988436 0.115512 10.182400 -0.017551 -0.117777 0.992885 0.000000 0.000000 0.000000 0.000000 1.000000
0.993654 0.089432 0.068211 0.000000 -0.095275 0.991567 0.087848 10.182400 -0.059779 -0.093789 0.993796 0.000000 0.000000 0.000000 0.000000 1.000000
0.995746 0.057018 0.072384 0.000000 -0.061206 0.996495 0.057018 10.182400 -0.068879 -0.061206 0.995746 0.000000 0.000000 0.000000 0.000000 1.000000
0.998115 0.005420 0.061128 0.000000 -0.008226 0.998919 0.045750 10.182400 -0.060814 -0.046167 0.997081 -0.000000 0.000000 0.000000 0.000000 1.000000
0.998203 -0.041366 0.043351 0.000000 0.039246 0.998044 0.048664 10.182400 -0.045279 -0.046875 0.997874 0.000000 0.000000 0.000000 0.000000 1.000000
0.996772 -0.074128 0.030847 -0.000000 0.072615 0.996225 0.047572 10.182400 -0.034257 -0.045178 0.998391 0.000000 0.000000 0.000000 0.000000 1.000000
0.996491 -0.082499 0.014117 -0.000000 0.081949 0.995990 0.035885 10.182400 -0.017021 -0.034603 0.999256 -0.000000 0.000000 0.000000 0.000000 1.000000
0.996947 -0.077717 -0.007528 -0.000000 0.077896 0.996579 0.027602 10.182400 0.005357 -0.028104 0.999591 0.000000 0.000000 0.000000 0.000000 1.000000
0.996596 -0.080266 -0.018822 0.000000 0.080797 0.996298 0.029359 10.182400 0.016396 -0.030780 0.999392 -0.000000 0.000000 0.000000 0.000000 1.000000
0.996195 -0.079011 -0.036791 -0.000000 0.080258 0.996203 0.033740 10.182400 0.033985 -0.036564 0.998753 -0.000000 0.000000 0.000000 0.000000 1.000000
0.995061 -0.075486 -0.064456 0.000000 0.078258 0.996064 0.041618 10.182400 0.061060 -0.046457 0.997052 0.000000 0.000000 0.000000 0.000000 1.000000
0.990429 -0.114345 -0.077305 0.000000 0.118623 0.991513 0.053210 10.182400 0.070564 -0.061870 0.995587 0.000000 0.000000 0.000000 0.000000 1.000000
0.987358 -0.117844 -0.106008 0.000000 0.124982 0.990131 0.063398 10.182400 0.097491 -0.075846 0.992342 0.000000 0.000000 0.000000 0.000000 1.000000
0.989688 -0.061511 -0.129362 0.000000 0.071766 0.994509 0.076167 10.182400 0.123967 -0.084666 0.988668 0.000000 0.000000 0.000000 0.000000 1.000000
0.991630 -0.047689 -0.119982 0.000000 0.058074 0.994722 0.084596 10.182400 0.115315 -0.090856 0.989165 0.000000 0.000000 0.000000 0.000000 1.000000
0.993995 -0.055989 -0.094020 0.000000 0.065208 0.993045 0.098033 10.182400 0.087878 -0.103575 0.990732 0.000000 0.000000 0.000000 0.000000 1.000000
0.992451 -0.108401 -0.057356 0.000000 0.114321 0.987033 0.112677 10.182400 0.044398 -0.118384 0.991975 0.000000 0.000000 0.000000 0.000000 1.000000
0.984862 -0.170110 -0.033300 0.000000 0.172780 0.978818 0.109829 10.182400 0.013912 -0.113920 0.993393 0.000000 0.000000 0.000000 0.000000 1.000000
0.973275 -0.224427 -0.048662 0.000000 0.228234 0.968772 0.096901 10.182400 0.025395 -0.105418 0.994104 0.000000 0.000000 0.000000 0.000000 1.000000
0.964818 -0.254318 -0.066694 -0.000000 0.260030 0.960504 0.099077 10.182400 0.038862 -0.112934 0.992842 0.000000 0.000000 0.000000 0.000000 1.000000
0.984322 -0.170303 -0.045900 0.000000 0.174357 0.978805 0.107424 10.182400 0.026633 -0.113743 0.993153 0.000000 0.000000 0.000000 0.000000 1.000000
0.998395 -0.050246 -0.026139 0.000000 0.052816 0.992603 0.109319 10.182400 0.020453 -0.110524 0.993663 0.000000 0.000000 0.000000 0.000000 1.000000</float_array>
        <technique_common>
          <accessor source="#mixamorig_Spine-Matrix-animation-output-transform-array" count="25" stride="16">
            <param type="float4x4"/>
          </accessor>
        </technique_common>
      </source>
      <source id="mixamorig_Spine-Interpolations">
        <Name_array id="mixamorig_Spine-Interpolations-array" count="25">
 LINEAR LINEAR LINEAR LINEAR LINEAR LINEAR LINEAR LINEAR LINEAR LINEAR LINEAR
LINEAR LINEAR LINEAR LINEAR LINEAR LINEAR LINEAR LINEAR LINEAR LINEAR LINEAR LINEAR
LINEAR LINEAR</Name_array>
        <technique_common>
          <accessor source="#mixamorig_Spine-Interpolations-array" count="25">
            <param type="name"/>
          </accessor>
        </technique_common>
      </source>
      <sampler id="mixamorig_Spine-Matrix-animation-transform">
        <input semantic="INPUT" source="#mixamorig_Spine-Matrix-animation-input"/>
        <input semantic="OUTPUT" source="#mixamorig_Spine-Matrix-animation-output-transform"/>
        <input semantic="INTERPOLATION" source="#mixamorig_Spine-Interpolations"/>
      </sampler>
      <channel source="#mixamorig_Spine-Matrix-animation-transform" target="mixamorig_Spine/matrix"/>
    </animation>
    <animation id="mixamorig_Spine1-anim" name="mixamorig_Spine1">
      <source id="mixamorig_Spine1-Matrix-animation-input">
        <float_array id="mixamorig_Spine1-Matrix-animation-input-array" count="25">

0.000000 0.033333 0.066667 0.100000 0.133333 0.166667 0.200000 0.233333 0.266667 0.300000 0.333333 0.366667 0.400000 0.433333 0.466667 0.500000
0.533333 0.566667 0.600000 0.633333 0.666667 0.700000 0.733333 0.766667 0.800000</float_array>
        <technique_common>
          <accessor source="#mixamorig_Spine1-Matrix-animation-input-array" count="25">
            <param name="TIME" type="float"/>
          </accessor>
        </technique_common>
      </source>
      <source id="mixamorig_Spine1-Matrix-animation-output-transform">
        <float_array id="mixamorig_Spine1-Matrix-animation-output-transform-array" count="400">

0.947397 0.011115 -0.319867 0.000000 -0.026460 0.998696 -0.043668 10.002700 0.318965 0.049835 0.946455 0.000000 0.000000 0.000000 0.000000 1.000000
0.950444 0.056313 -0.305753 0.000000 -0.067080 0.997439 -0.024815 10.002700 0.303573 0.044095 0.951787 0.000000 0.000000 0.000000 0.000000 1.000000
0.946309 0.083793 -0.312213 0.000000 -0.093067 0.995548 -0.014894 10.002700 0.309575 0.043151 0.949895 0.000000 0.000000 0.000000 0.000000 1.000000
0.947454 0.067388 -0.312714 0.000000 -0.078860 0.996593 -0.024168 10.002700 0.310020 0.047558 0.949540 0.000000 0.000000 0.000000 0.000000 1.000000
0.946994 0.072376 -0.312992 0.000000 -0.092656 0.994422 -0.050393 10.002700 0.307599 0.076722 0.948418 0.000000 0.000000 0.000000 0.000000 1.000000
0.945062 0.078637 -0.317291 0.000000 -0.109005 0.990889 -0.079094 10.002700 0.308181 0.109335 0.945024 0.000000 0.000000 0.000000 0.000000 1.000000
0.945942 0.076440 -0.315200 0.000000 -0.108984 0.990235 -0.086926 10.002700 0.305477 0.116579 0.945036 0.000000 0.000000 0.000000 0.000000 1.000000
0.949867 0.066997 -0.305392 -0.000000 -0.097086 0.991690 -0.084412 10.002700 0.297199 0.109830 0.948478 -0.000000 0.000000 0.000000 0.000000 1.000000
0.952954 0.057081 -0.297690 -0.000000 -0.086755 0.992386 -0.087430 10.002700 0.290433 0.109142 0.950651 0.000000 0.000000 0.000000 0.000000 1.000000
0.952316 0.047490 -0.301395 0.000000 -0.081460 0.991530 -0.101155 10.002700 0.294038 0.120884 0.948118 0.000000 0.000000 0.000000 0.000000 1.000000
0.949983 0.036900 -0.310115 0.000000 -0.074995 0.990893 -0.111831 10.002700 0.303164 0.129494 0.944099 0.000000 0.000000 0.000000 0.000000 1.000000
0.947828 0.023824 -0.317891 0.000000 -0.062779 0.991625 -0.112866 10.002700 0.312540 0.126934 0.941385 -0.000000 0.000000 0.000000 0.000000 1.000000
0.944771 0.009171 -0.327602 -0.000000 -0.048773 0.992412 -0.112874 10.002700 0.324081 0.122618 0.938049 0.000000 0.000000 0.000000 0.000000 1.000000
0.939031 -0.005464 -0.343789 -0.000000 -0.034791 0.993232 -0.110816 10.002700 0.342067 0.116020 0.932486 0.000000 0.000000 0.000000 0.000000 1.000000
0.930508 -0.022363 -0.365589 0.000000 -0.016429 0.994582 -0.102653 10.002700 0.365903 0.101526 0.925098 -0.000000 0.000000 0.000000 0.000000 1.000000
0.920998 -0.031780 -0.388268 0.000000 -0.007565 0.995020 -0.099386 10.002700 0.389493 0.094472 0.916171 0.000000 0.000000 0.000000 0.000000 1.000000
0.916331 -0.019038 -0.399970 0.000000 -0.019645 0.995529 -0.092391 10.002700 0.399940 0.092519 0.911860 0.000000 0.000000 0.000000 0.000000 1.000000
0.918586 0.001574 -0.395219 0.000000 -0.036208 0.996122 -0.080189 10.002700 0.393560 0.087971 0.915080 0.000000 0.000000 0.000000 0.000000 1.000000
0.925706 0.010058 -0.378111 -0.000000 -0.035856 0.997478 -0.061248 10.002700 0.376542 0.070255 0.923732 0.000000 0.000000 0.000000 0.000000 1.000000
0.936122 -0.004880 -0.351642 0.000000 -0.010612 0.999057 -0.042113 10.002700 0.351516 0.043154 0.935187 0.000000 0.000000 0.000000 0.000000 1.000000
0.944611 -0.026091 -0.327154 0.000000 0.012965 0.999023 -0.042239 10.002700 0.327937 0.035658 0.944027 0.000000 0.000000 0.000000 0.000000 1.000000
0.944993 -0.037045 -0.324985 0.000000 0.021464 0.998447 -0.051399 10.002700 0.326384 0.041596 0.944321 0.000000 0.000000 0.000000 0.000000 1.000000
0.942336 -0.035328 -0.332799 -0.000000 0.021681 0.998768 -0.044632 10.002700 0.333966 0.034843 0.941941 0.000000 0.000000 0.000000 0.000000 1.000000
0.943868 -0.016397 -0.329915 0.000000 0.002120 0.999047 -0.043590 10.002700 0.330315 0.040444 0.943004 0.000000 0.000000 0.000000 0.000000 1.000000
0.947397 0.011115 -0.319867 0.000000 -0.026460 0.998696 -0.043668 10.002700 0.318965 0.049835 0.946455 0.000000 0.000000 0.000000 0.000000 1.000000</float_array>
        <technique_common>
          <accessor source="#mixamorig_Spine1-Matrix-animation-output-transform-array" count="25" stride="16">
            <param type="float4x4"/>
          </accessor>
        </technique_common>
      </source>
      <source id="mixamorig_Spine1-Interpolations">
        <Name_array id="mixamorig_Spine1-Interpolations-array" count="25">
 LINEAR LINEAR LINEAR LINEAR LINEAR LINEAR LINEAR LINEAR LINEAR LINEAR LINEAR
LINEAR LINEAR LINEAR LINEAR LINEAR LINEAR LINEAR LINEAR LINEAR LINEAR LINEAR LINEAR
LINEAR LINEAR</Name_array>
        <technique_common>
          <accessor source="#mixamorig_Spine1-Interpolations-array" count="25">
            <param type="name"/>
          </accessor>
        </technique_common>
      </source>
      <sampler id="mixamorig_Spine1-Matrix-animation-transform">
        <input semantic="INPUT" source="#mixamorig_Spine1-Matrix-animation-input"/>
        <input semantic="OUTPUT" source="#mixamorig_Spine1-Matrix-animation-output-transform"/>
        <input semantic="INTERPOLATION" source="#mixamorig_Spine1-Interpolations"/>
      </sampler>
      <channel source="#mixamorig_Spine1-Matrix-animation-transform" target="mixamorig_Spine1/matrix"/>
    </animation>
    <animation id="mixamorig_Spine2-anim" name="mixamorig_Spine2">
      <source id="mixamorig_Spine2-Matrix-animation-input">
        <float_array id="mixamorig_Spine2-Matrix-animation-input-array" count="25">

0.000000 0.033333 0.066667 0.100000 0.133333 0.166667 0.200000 0.233333 0.266667 0.300000 0.333333 0.366667 0.400000 0.433333 0.466667 0.500000
0.533333 0.566667 0.600000 0.633333 0.666667 0.700000 0.733333 0.766667 0.800000</float_array>
        <technique_common>
          <accessor source="#mixamorig_Spine2-Matrix-animation-input-array" count="25">
            <param name="TIME" type="float"/>
          </accessor>
        </technique_common>
      </source>
      <source id="mixamorig_Spine2-Matrix-animation-output-transform">
        <float_array id="mixamorig_Spine2-Matrix-animation-output-transform-array" count="400">

0.986918 -0.059333 -0.149910 0.000000 0.047418 0.995517 -0.081843 9.322100 0.154094 0.073664 0.985306 0.000000 0.000000 0.000000 0.000000 1.000000
0.990389 -0.014559 -0.137539 0.000000 0.005152 0.997637 -0.068506 9.322100 0.138211 0.067139 0.988124 0.000000 0.000000 0.000000 0.000000 1.000000
0.989169 0.014841 -0.146029 -0.000000 -0.024500 0.997612 -0.064570 9.322100 0.144722 0.067448 0.987171 0.000000 0.000000 0.000000 0.000000 1.000000
0.989422 -0.000571 -0.145063 -0.000000 -0.010238 0.997224 -0.073751 9.322100 0.144702 0.074456 0.986670 0.000000 0.000000 0.000000 0.000000 1.000000
0.989288 0.003847 -0.145926 0.000000 -0.018616 0.994815 -0.099980 9.322100 0.144785 0.101626 0.984230 0.000000 0.000000 0.000000 0.000000 1.000000
0.988567 0.010427 -0.150423 -0.000000 -0.030427 0.990878 -0.131280 9.322100 0.147682 0.134356 0.979867 0.000000 0.000000 0.000000 0.000000 1.000000
0.989077 0.007245 -0.147223 -0.000000 -0.027766 0.990069 -0.137813 9.322100 0.144762 0.140396 0.979455 -0.000000 0.000000 0.000000 0.000000 1.000000
0.990671 -0.003734 -0.136223 0.000000 -0.014448 0.991112 -0.132245 9.322100 0.135506 0.132980 0.981812 0.000000 0.000000 0.000000 0.000000 1.000000
0.991710 -0.014760 -0.127645 -0.000000 -0.002315 0.991167 -0.132597 9.322100 0.128475 0.131794 0.982916 0.000000 0.000000 0.000000 0.000000 1.000000
0.991172 -0.024001 -0.130389 0.000000 0.004800 0.989328 -0.145623 9.322100 0.132493 0.143712 0.980710 0.000000 0.000000 0.000000 0.000000 1.000000
0.989841 -0.033842 -0.138092 0.000000 0.011972 0.987649 -0.156225 9.322100 0.141674 0.152985 0.978021 0.000000 0.000000 0.000000 0.000000 1.000000
0.988296 -0.047110 -0.145090 -0.000000 0.024116 0.987409 -0.156338 9.322100 0.150628 0.151009 0.976989 0.000000 0.000000 0.000000 0.000000 1.000000
0.986069 -0.061796 -0.154434 0.000000 0.037503 0.987119 -0.155532 9.322100 0.162056 0.147574 0.975684 0.000000 0.000000 0.000000 0.000000 1.000000
0.982346 -0.076315 -0.170798 0.000000 0.050064 0.986952 -0.153036 9.322100 0.180248 0.141783 0.973349 0.000000 0.000000 0.000000 0.000000 1.000000
0.976718 -0.093832 -0.192918 0.000000 0.066310 0.987284 -0.144479 9.322100 0.204021 0.128323 0.970520 -0.000000 0.000000 0.000000 0.000000 1.000000
0.970811 -0.101109 -0.217491 0.000000 0.071134 0.987379 -0.141505 9.322100 0.229053 0.121904 0.965751 0.000000 0.000000 0.000000 0.000000 1.000000
0.969034 -0.086071 -0.231439 0.000000 0.055587 0.989264 -0.135156 9.322100 0.240588 0.118106 0.963415 0.000000 0.000000 0.000000 0.000000 1.000000
0.971634 -0.064849 -0.227424 0.000000 0.037021 0.991521 -0.124560 9.322100 0.233573 0.112607 0.965797 0.000000 0.000000 0.000000 0.000000 1.000000
0.975901 -0.059110 -0.210054 0.000000 0.037789 0.993848 -0.104106 9.322100 0.214915 0.093659 0.972131 0.000000 0.000000 0.000000 0.000000 1.000000
0.980122 -0.079117 -0.181936 0.000000 0.065473 0.994657 -0.079820 9.322100 0.187279 0.066321 0.980065 0.000000 0.000000 0.000000 0.000000 1.000000
0.982489 -0.103613 -0.154854 0.000000 0.092576 0.992733 -0.076879 9.322100 0.161694 0.061197 0.984942 0.000000 0.000000 0.000000 0.000000 1.000000
0.981796 -0.115002 -0.151168 0.000000 0.102687 0.990909 -0.086917 9.322100 0.159790 0.069812 0.984679 0.000000 0.000000 0.000000 0.000000 1.000000
0.980725 -0.113132 -0.159308 0.000000 0.101285 0.991583 -0.080647 9.322100 0.167091 0.062957 0.983929 0.000000 0.000000 0.000000 0.000000 1.000000
0.983247 -0.090089 -0.158457 0.000000 0.078112 0.993708 -0.080262 9.322100 0.164691 0.066540 0.984098 0.000000 0.000000 0.000000 0.000000 1.000000
0.986918 -0.059333 -0.149910 0.000000 0.047418 0.995517 -0.081843 9.322100 0.154094 0.073664 0.985306 0.000000 0.000000 0.000000 0.000000 1.000000</float_array>
        <technique_common>
          <accessor source="#mixamorig_Spine2-Matrix-animation-output-transform-array" count="25" stride="16">
            <param type="float4x4"/>
          </accessor>
        </technique_common>
      </source>
      <source id="mixamorig_Spine2-Interpolations">
        <Name_array id="mixamorig_Spine2-Interpolations-array" count="25">
 LINEAR LINEAR LINEAR LINEAR LINEAR LINEAR LINEAR LINEAR LINEAR LINEAR LINEAR
LINEAR LINEAR LINEAR LINEAR LINEAR LINEAR LINEAR LINEAR LINEAR LINEAR LINEAR LINEAR
LINEAR LINEAR</Name_array>
        <technique_common>
          <accessor source="#mixamorig_Spine2-Interpolations-array" count="25">
            <param type="name"/>
          </accessor>
        </technique_common>
      </source>
      <sampler id="mixamorig_Spine2-Matrix-animation-transform">
        <input semantic="INPUT" source="#mixamorig_Spine2-Matrix-animation-input"/>
        <input semantic="OUTPUT" source="#mixamorig_Spine2-Matrix-animation-output-transform"/>
        <input semantic="INTERPOLATION" source="#mixamorig_Spine2-Interpolations"/>
      </sampler>
      <channel source="#mixamorig_Spine2-Matrix-animation-transform" target="mixamorig_Spine2/matrix"/>
    </animation>
    <animation id="mixamorig_Neck-anim" name="mixamorig_Neck">
      <source id="mixamorig_Neck-Matrix-animation-input">
        <float_array id="mixamorig_Neck-Matrix-animation-input-array" count="25">

0.000000 0.033333 0.066667 0.100000 0.133333 0.166667 0.200000 0.233333 0.266667 0.300000 0.333333 0.366667 0.400000 0.433333 0.466667 0.500000
0.533333 0.566667 0.600000 0.633333 0.666667 0.700000 0.733333 0.766667 0.800000</float_array>
        <technique_common>
          <accessor source="#mixamorig_Neck-Matrix-animation-input-array" count="25">
            <param name="TIME" type="float"/>
          </accessor>
        </technique_common>
      </source>
      <source id="mixamorig_Neck-Matrix-animation-output-transform">
        <float_array id="mixamorig_Neck-Matrix-animation-output-transform-array" count="400">

0.991875 0.073080 0.104128 0.000000 -0.061685 0.992154 -0.108744 16.865299 -0.111258 0.101437 0.988601 0.000000 0.000000 0.000000 0.000000 1.000000
0.993133 0.072911 0.091494 0.000000 -0.060910 0.989939 -0.127715 16.865299 -0.099885 0.121265 0.987582 -0.000000 0.000000 0.000000 0.000000 1.000000
0.994092 0.057310 0.092178 0.000000 -0.043882 0.988947 -0.141625 16.865299 -0.099275 0.136743 0.985619 0.000000 0.000000 0.000000 0.000000 1.000000
0.993782 0.057635 0.095265 0.000000 -0.044044 0.989302 -0.139074 16.865299 -0.102261 0.134013 0.985689 -0.000000 0.000000 0.000000 0.000000 1.000000
0.993313 0.056822 0.100505 -0.000000 -0.045087 0.992295 -0.115404 16.865299 -0.106288 0.110101 0.988221 -0.000000 0.000000 0.000000 0.000000 1.000000
0.992996 0.053408 0.105384 0.000000 -0.043940 0.994953 -0.090205 16.865299 -0.109669 0.084943 0.990332 -0.000000 0.000000 0.000000 0.000000 1.000000
0.992224 0.063669 0.106951 0.000000 -0.055502 0.995432 -0.077679 16.865299 -0.111409 0.071139 0.991225 0.000000 0.000000 0.000000 0.000000 1.000000
0.990286 0.085032 0.110011 0.000000 -0.076647 0.993976 -0.078334 16.865299 -0.116009 0.069141 0.990839 0.000000 0.000000 0.000000 0.000000 1.000000
0.987631 0.104972 0.116475 0.000000 -0.095888 0.992087 -0.081046 16.865299 -0.124061 0.068875 0.989881 0.000000 0.000000 0.000000 0.000000 1.000000
0.986116 0.110312 0.124127 0.000000 -0.100934 0.991714 -0.079477 16.865299 -0.131866 0.065844 0.989078 0.000000 0.000000 0.000000 0.000000 1.000000
0.985769 0.106059 0.130429 0.000000 -0.096336 0.992229 -0.078743 16.865299 -0.137766 0.065058 0.988326 0.000000 0.000000 0.000000 0.000000 1.000000
0.985727 0.100522 0.135048 0.000000 -0.089770 0.992457 -0.083490 16.865299 -0.142422 0.070175 0.987315 0.000000 0.000000 0.000000 0.000000 1.000000
0.985817 0.093407 0.139425 0.000000 -0.080895 0.992387 -0.092869 16.865299 -0.147038 0.080273 0.985868 0.000000 0.000000 0.000000 0.000000 1.000000
0.985060 0.090142 0.146738 -0.000000 -0.074937 0.991533 -0.106047 16.865299 -0.155055 0.093466 0.983474 0.000000 0.000000 0.000000 0.000000 1.000000
0.983440 0.092790 0.155677 0.000000 -0.073240 0.989204 -0.126934 16.865299 -0.165774 0.113430 0.979619 0.000000 0.000000 0.000000 0.000000 1.000000
0.983272 0.081700 0.162794 0.000000 -0.057259 0.987096 -0.149545 16.865299 -0.172911 0.137722 0.975261 0.000000 0.000000 0.000000 0.000000 1.000000
0.984692 0.058863 0.164062 0.000000 -0.032755 0.986973 -0.157516 16.865299 -0.171197 0.149731 0.973793 0.000000 0.000000 0.000000 0.000000 1.000000
0.986120 0.047974 0.158953 -0.000000 -0.024189 0.988644 -0.148318 16.865299 -0.164263 0.142415 0.976082 -0.000000 0.000000 0.000000 0.000000 1.000000
0.987159 0.058471 0.148654 0.000000 -0.037962 0.989811 -0.137235 16.865299 -0.155163 0.129830 0.979320 0.000000 0.000000 0.000000 0.000000 1.000000
0.988214 0.071351 0.135436 0.000000 -0.053761 0.990139 -0.129358 16.865299 -0.143331 0.120552 0.982305 0.000000 0.000000 0.000000 0.000000 1.000000
0.989664 0.070726 0.124748 -0.000000 -0.056134 0.991563 -0.116843 16.865299 -0.131959 0.108632 0.985285 -0.000000 0.000000 0.000000 0.000000 1.000000
0.990469 0.067383 0.120130 0.000000 -0.054517 0.992726 -0.107345 16.865299 -0.126490 0.099772 0.986938 0.000000 0.000000 0.000000 0.000000 1.000000
0.990787 0.070537 0.115613 0.000000 -0.058077 0.992473 -0.107814 16.865299 -0.122347 0.100106 0.987426 0.000000 0.000000 0.000000 0.000000 1.000000
0.991498 0.069797 0.109823 0.000000 -0.057948 0.992503 -0.107614 16.865299 -0.116511 0.100335 0.988108 -0.000000 0.000000 0.000000 0.000000 1.000000
0.991875 0.073080 0.104128 0.000000 -0.061685 0.992154 -0.108744 16.865299 -0.111258 0.101437 0.988601 0.000000 0.000000 0.000000 0.000000 1.000000</float_array>
        <technique_common>
          <accessor source="#mixamorig_Neck-Matrix-animation-output-transform-array" count="25" stride="16">
            <param type="float4x4"/>
          </accessor>
        </technique_common>
      </source>
      <source id="mixamorig_Neck-Interpolations">
        <Name_array id="mixamorig_Neck-Interpolations-array" count="25">
 LINEAR LINEAR LINEAR LINEAR LINEAR LINEAR LINEAR LINEAR LINEAR LINEAR LINEAR
LINEAR LINEAR LINEAR LINEAR LINEAR LINEAR LINEAR LINEAR LINEAR LINEAR LINEAR LINEAR
LINEAR LINEAR</Name_array>
        <technique_common>
          <accessor source="#mixamorig_Neck-Interpolations-array" count="25">
            <param type="name"/>
          </accessor>
        </technique_common>
      </source>
      <sampler id="mixamorig_Neck-Matrix-animation-transform">
        <input semantic="INPUT" source="#mixamorig_Neck-Matrix-animation-input"/>
        <input semantic="OUTPUT" source="#mixamorig_Neck-Matrix-animation-output-transform"/>
        <input semantic="INTERPOLATION" source="#mixamorig_Neck-Interpolations"/>
      </sampler>
      <channel source="#mixamorig_Neck-Matrix-animation-transform" target="mixamorig_Neck/matrix"/>
    </animation>
    <animation id="mixamorig_Head-anim" name="mixamorig_Head">
      <source id="mixamorig_Head-Matrix-animation-input">
        <float_array id="mixamorig_Head-Matrix-animation-input-array" count="25">

0.000000 0.033333 0.066667 0.100000 0.133333 0.166667 0.200000 0.233333 0.266667 0.300000 0.333333 0.366667 0.400000 0.433333 0.466667 0.500000
0.533333 0.566667 0.600000 0.633333 0.666667 0.700000 0.733333 0.766667 0.800000</float_array>
        <technique_common>
          <accessor source="#mixamorig_Head-Matrix-animation-input-array" count="25">
            <param name="TIME" type="float"/>
          </accessor>
        </technique_common>
      </source>
      <source id="mixamorig_Head-Matrix-animation-output-transform">
        <float_array id="mixamorig_Head-Matrix-animation-output-transform-array" count="400">

0.947490 -0.125544 0.294112 0.000000 0.069575 0.978612 0.193592 9.341900 -0.312126 -0.162964 0.935959 2.841000 0.000000 0.000000 0.000000 1.000000
0.962640 -0.182283 0.200245 -0.000000 0.151568 0.975513 0.159378 9.341900 -0.224393 -0.123073 0.966696 2.841000 0.000000 0.000000 0.000000 1.000000
0.951997 -0.261523 0.159081 -0.000000 0.238535 0.959496 0.149896 9.341900 -0.191839 -0.104754 0.975820 2.841000 0.000000 0.000000 0.000000 1.000000
0.945339 -0.284350 0.159621 0.000000 0.254925 0.949679 0.182000 9.341900 -0.203340 -0.131360 0.970256 2.841000 0.000000 0.000000 0.000000 1.000000
0.939072 -0.295833 0.175006 0.000000 0.247570 0.935342 0.252674 9.341900 -0.238440 -0.193953 0.951593 2.841000 0.000000 0.000000 0.000000 1.000000
0.933761 -0.302076 0.191937 -0.000000 0.231800 0.919058 0.318748 9.341900 -0.272688 -0.253143 0.928202 2.841000 0.000000 0.000000 0.000000 1.000000
0.936548 -0.280605 0.210091 0.000000 0.193164 0.913255 0.358684 9.341900 -0.292514 -0.295343 0.909510 2.841000 0.000000 0.000000 0.000000 1.000000
0.939821 -0.248848 0.234120 0.000000 0.146401 0.912433 0.382142 9.341900 -0.308714 -0.324870 0.893955 2.841000 0.000000 0.000000 0.000000 1.000000
0.936800 -0.215227 0.275832 0.000000 0.094759 0.915012 0.392141 9.341900 -0.336789 -0.341219 0.877578 2.841000 0.000000 0.000000 0.000000 1.000000
0.926046 -0.191706 0.325098 0.000000 0.053214 0.919105 0.390402 9.341900 -0.373641 -0.344230 0.861335 2.841000 0.000000 0.000000 0.000000 1.000000
0.912335 -0.180093 0.367712 0.000000 0.029368 0.924542 0.379946 9.341900 -0.408391 -0.335839 0.848781 2.841000 0.000000 0.000000 0.000000 1.000000
0.899171 -0.169678 0.403361 -0.000000 0.012920 0.931656 0.363111 9.341900 -0.437406 -0.321288 0.839911 2.841000 0.000000 0.000000 0.000000 1.000000
0.885784 -0.156358 0.436965 0.000000 -0.004387 0.938675 0.344775 9.341900 -0.464076 -0.307313 0.830778 2.841000 0.000000 0.000000 0.000000 1.000000
0.867622 -0.135699 0.478349 0.000000 -0.027662 0.947376 0.318926 9.341900 -0.496455 -0.289939 0.818210 2.841000 0.000000 0.000000 0.000000 1.000000
0.843829 -0.099982 0.527215 0.000000 -0.059483 0.959006 0.277073 9.341900 -0.533304 -0.265162 0.803290 2.841000 0.000000 0.000000 0.000000 1.000000
0.822309 -0.082994 0.562956 -0.000000 -0.058570 0.971708 0.228807 9.341900 -0.566018 -0.221123 0.794184 2.841000 0.000000 0.000000 0.000000 1.000000
0.818074 -0.104303 0.565575 -0.000000 -0.009908 0.980715 0.195193 9.341900 -0.575027 -0.165286 0.801264 2.841000 0.000000 0.000000 0.000000 1.000000
0.832885 -0.130759 0.537778 -0.000000 0.029365 0.980761 0.192990 9.341900 -0.552667 -0.144946 0.820701 2.841000 0.000000 0.000000 0.000000 1.000000
0.856028 -0.100963 0.506974 0.000000 0.004726 0.982228 0.187630 9.341900 -0.516908 -0.158220 0.841292 2.841000 0.000000 0.000000 0.000000 1.000000
0.872026 -0.038914 0.487911 -0.000000 -0.055798 0.982432 0.178083 9.341900 -0.486269 -0.182517 0.854535 2.841000 0.000000 0.000000 0.000000 1.000000
0.884197 -0.028976 0.466214 -0.000000 -0.074793 0.976415 0.202534 9.341900 -0.461087 -0.213949 0.861176 2.841000 0.000000 0.000000 0.000000 1.000000
0.900289 -0.063882 0.430581 -0.000000 -0.034902 0.975394 0.217689 9.341900 -0.433892 -0.211011 0.875906 2.841000 0.000000 0.000000 0.000000 1.000000
0.917719 -0.080692 0.388949 0.000000 0.001080 0.979654 0.200692 9.341900 -0.397229 -0.183759 0.899134 2.841000 0.000000 0.000000 0.000000 1.000000
0.933800 -0.100329 0.343442 0.000000 0.033140 0.980007 0.196181 9.341900 -0.356259 -0.171813 0.918455 2.841000 0.000000 0.000000 0.000000 1.000000
0.947490 -0.125544 0.294112 -0.000000 0.069575 0.978612 0.193592 9.341900 -0.312126 -0.162964 0.935959 2.841000 0.000000 0.000000 0.000000 1.000000</float_array>
        <technique_common>
          <accessor source="#mixamorig_Head-Matrix-animation-output-transform-array" count="25" stride="16">
            <param type="float4x4"/>
          </accessor>
        </technique_common>
      </source>
      <source id="mixamorig_Head-Interpolations">
        <Name_array id="mixamorig_Head-Interpolations-array" count="25">
 LINEAR LINEAR LINEAR LINEAR LINEAR LINEAR LINEAR LINEAR LINEAR LINEAR LINEAR
LINEAR LINEAR LINEAR LINEAR LINEAR LINEAR LINEAR LINEAR LINEAR LINEAR LINEAR LINEAR
LINEAR LINEAR</Name_array>
        <technique_common>
          <accessor source="#mixamorig_Head-Interpolations-array" count="25">
            <param type="name"/>
          </accessor>
        </technique_common>
      </source>
      <sampler id="mixamorig_Head-Matrix-animation-transform">
        <input semantic="INPUT" source="#mixamorig_Head-Matrix-animation-input"/>
        <input semantic="OUTPUT" source="#mixamorig_Head-Matrix-animation-output-transform"/>
        <input semantic="INTERPOLATION" source="#mixamorig_Head-Interpolations"/>
      </sampler>
      <channel source="#mixamorig_Head-Matrix-animation-transform" target="mixamorig_Head/matrix"/>
    </animation>
    <animation id="mixamorig_RightShoulder-anim" name="mixamorig_RightShoulder">
      <source id="mixamorig_RightShoulder-Matrix-animation-input">
        <float_array id="mixamorig_RightShoulder-Matrix-animation-input-array" count="25">

0.000000 0.033333 0.066667 0.100000 0.133333 0.166667 0.200000 0.233333 0.266667 0.300000 0.333333 0.366667 0.400000 0.433333 0.466667 0.500000
0.533333 0.566667 0.600000 0.633333 0.666667 0.700000 0.733333 0.766667 0.800000</float_array>
        <technique_common>
          <accessor source="#mixamorig_RightShoulder-Matrix-animation-input-array" count="25">
            <param name="TIME" type="float"/>
          </accessor>
        </technique_common>
      </source>
      <source id="mixamorig_RightShoulder-Matrix-animation-output-transform">
        <float_array id="mixamorig_RightShoulder-Matrix-animation-output-transform-array" count="400">

-0.169594 -0.985106 -0.028370 -4.570000 0.138780 0.004628 -0.990312 11.195800 0.975694 -0.171888 0.135928 -0.806600 0.000000 0.000000 0.000000 1.000000
-0.086867 -0.995803 -0.028824 -4.570000 0.146492 0.015851 -0.989085 11.195800 0.985390 -0.090142 0.144501 -0.806600 0.000000 0.000000 0.000000 1.000000
-0.023971 -0.999709 -0.002695 -4.570000 0.151145 -0.000959 -0.988511 11.195800 0.988221 -0.024103 0.151124 -0.806600 0.000000 0.000000 0.000000 1.000000
0.052484 -0.998491 0.016189 -4.570000 0.157047 -0.007757 -0.987561 11.195800 0.986196 0.054373 0.156403 -0.806600 0.000000 0.000000 0.000000 1.000000
0.154153 -0.988014 0.008070 -4.570000 0.159434 0.016813 -0.987065 11.195800 0.975099 0.153446 0.160115 -0.806600 0.000000 0.000000 0.000000 1.000000
0.238609 -0.971019 -0.013703 -4.570000 0.154450 0.051877 -0.986638 11.195800 0.958755 0.233304 0.162353 -0.806600 0.000000 0.000000 0.000000 1.000000
0.285700 -0.957810 -0.031240 -4.570000 0.144304 0.075225 -0.986670 11.195800 0.947392 0.277383 0.159707 -0.806600 0.000000 0.000000 0.000000 1.000000
0.310983 -0.948706 -0.056981 -4.570000 0.127266 0.100981 -0.986715 11.195800 0.941856 0.299600 0.152141 -0.806600 0.000000 0.000000 0.000000 1.000000
0.326983 -0.940777 -0.089563 -4.570000 0.102685 0.129581 -0.986238 11.195800 0.939435 0.313286 0.138974 -0.806600 0.000000 0.000000 0.000000 1.000000
0.337273 -0.934674 -0.112388 -4.570000 0.074339 0.145453 -0.986568 11.195800 0.938467 0.324388 0.118541 -0.806600 0.000000 0.000000 0.000000 1.000000
0.335200 -0.933820 -0.124985 -4.570000 0.045514 0.148555 -0.987856 11.195800 0.941047 0.325441 0.092297 -0.806600 0.000000 0.000000 0.000000 1.000000
0.311435 -0.940092 -0.138694 -4.570000 0.017529 0.151611 -0.988285 11.195800 0.950106 0.305356 0.063696 -0.806600 0.000000 0.000000 0.000000 1.000000
0.267942 -0.950620 -0.156614 -4.570000 -0.009133 0.160045 -0.987068 11.195800 0.963392 0.265907 0.034201 -0.806600 0.000000 0.000000 0.000000 1.000000
0.221434 -0.957716 -0.183702 -4.570000 -0.035683 0.180295 -0.982965 11.195800 0.974522 0.224217 0.005749 -0.806600 0.000000 0.000000 0.000000 1.000000
0.180585 -0.956471 -0.229243 -4.570000 -0.060928 0.221749 -0.973198 11.195800 0.981671 0.189712 -0.018231 -0.806600 0.000000 0.000000 0.000000 1.000000
0.140816 -0.950064 -0.278476 -4.570000 -0.080784 0.269314 -0.959658 11.195800 0.986734 0.157632 -0.038827 -0.806600 0.000000 0.000000 0.000000 1.000000
0.105261 -0.947886 -0.300720 -4.570000 -0.096180 0.291279 -0.951791 11.195800 0.989783 0.129109 -0.060508 -0.806600 0.000000 0.000000 0.000000 1.000000
0.085142 -0.949241 -0.302807 -4.570000 -0.110650 0.293022 -0.949681 11.195800 0.990206 0.114364 -0.080084 -0.806600 0.000000 0.000000 0.000000 1.000000
0.084522 -0.951036 -0.297299 -4.570000 -0.123948 0.286014 -0.950175 11.195800 0.988682 0.117161 -0.093705 -0.806600 0.000000 0.000000 0.000000 1.000000
0.094201 -0.954778 -0.282003 -4.570000 -0.132497 0.268719 -0.954062 11.195800 0.986697 0.127239 -0.101191 -0.806600 0.000000 0.000000 0.000000 1.000000
0.089541 -0.964230 -0.249486 -4.570000 -0.112213 0.239131 -0.964482 11.195800 0.989642 0.114356 -0.086787 -0.806600 0.000000 0.000000 0.000000 1.000000
0.053678 -0.978773 -0.197794 -4.570000 -0.054995 0.194881 -0.979284 11.195800 0.997043 0.063444 -0.043367 -0.806600 0.000000 0.000000 0.000000 1.000000
-0.009106 -0.990715 -0.135650 -4.570000 0.018132 0.135470 -0.990616 11.195800 0.999794 -0.011480 0.016730 -0.806600 0.000000 0.000000 0.000000 1.000000
-0.088360 -0.993358 -0.073707 -4.570000 0.086655 0.066050 -0.994046 11.195800 0.992312 -0.094221 0.080244 -0.806600 0.000000 0.000000 0.000000 1.000000
-0.169594 -0.985106 -0.028370 -4.570000 0.138780 0.004628 -0.990312 11.195800 0.975694 -0.171888 0.135928 -0.806600 0.000000 0.000000 0.000000 1.000000</float_array>
        <technique_common>
