<?xml version="1.0" encoding="utf-8"?>
<COLLADA xmlns="http://www.collada.org/2005/11/COLLADASchema" version="1.4.1">
  <asset>
    <contributor>
      <author>Mixamo</author>
      <authoring_tool>COLLADA Mixamo exporter</authoring_tool>
      <comments/>
    </contributor>
    <created>2024-04-18T04:31:41Z</created>
    <modified>2024-04-18T04:31:41Z</modified>
    <revision/>
    <title/>
    <unit meter="0.010000"/>
    <up_axis>Y_UP</up_axis>
  </asset>
  <library_animations>
    <animation id="mixamorig_Hips-anim" name="mixamorig_Hips">
      <source id="mixamorig_Hips-Matrix-animation-input">
        <float_array id="mixamorig_Hips-Matrix-animation-input-array" count="18">

0.000000 0.033333 0.066667 0.100000 0.133333 0.166667 0.200000 0.233333 0.266667 0.300000 0.333333 0.366667 0.400000 0.433333 0.466667 0.500000
0.533333 0.566667</float_array>
        <technique_common>
          <accessor source="#mixamorig_Hips-Matrix-animation-input-array" count="18">
            <param name="TIME" type="float"/>
          </accessor>
        </technique_common>
      </source>
      <source id="mixamorig_Hips-Matrix-animation-output-transform">
        <float_array id="mixamorig_Hips-Matrix-animation-output-transform-array" count="288">

0.831681 0.190778 0.521450 1.480374 -0.027005 0.951907 -0.305194 90.002586 -0.554597 0.239742 0.796835 1.904498 0.000000 0.000000 0.000000 1.000000
0.825982 0.197629 0.527917 2.616507 -0.036430 0.953284 -0.299870 88.135811 -0.562518 0.228455 0.794595 1.373932 0.000000 0.000000 0.000000 1.000000
0.809183 0.194327 0.554490 3.687387 -0.034387 0.957768 -0.285479 86.363754 -0.586549 0.211937 0.781692 1.343154 0.000000 0.000000 0.000000 1.000000
0.796494 0.178034 0.577841 4.772183 -0.019040 0.962580 -0.270328 85.430527 -0.604346 0.204312 0.770079 1.831967 0.000000 0.000000 0.000000 1.000000
0.784194 0.151749 0.601675 5.443904 0.006545 0.967559 -0.252559 85.469620 -0.620482 0.201993 0.757761 2.727334 0.000000 0.000000 0.000000 1.000000
0.767715 0.136296 0.626128 5.357496 0.024434 0.970181 -0.241149 86.730316 -0.640325 0.200432 0.741492 3.685403 0.000000 0.000000 0.000000 1.000000
0.752953 0.130146 0.645077 4.461844 0.043529 0.968252 -0.246156 88.758133 -0.656633 0.213423 0.723383 4.734781 0.000000 0.000000 0.000000 1.000000
0.750259 0.153616 0.643050 3.439844 0.033547 0.962534 -0.269077 90.454376 -0.660293 0.223450 0.716997 5.947856 0.000000 0.000000 0.000000 1.000000
0.741307 0.190455 0.643577 2.561461 0.011682 0.955087 -0.296096 90.866066 -0.671065 0.227016 0.705787 7.139485 0.000000 0.000000 0.000000 1.000000
0.693535 0.157797 0.702929 0.765983 0.087030 0.950220 -0.299177 90.381950 -0.715147 0.268666 0.645278 8.308856 0.000000 0.000000 0.000000 1.000000
0.688093 0.158649 0.708067 -0.087308 0.058226 0.960587 -0.271812 88.978859 -0.723283 0.228259 0.651736 8.536150 0.000000 0.000000 0.000000 1.000000
0.689105 0.154816 0.707931 0.036402 0.027734 0.970563 -0.239247 87.508316 -0.724131 0.184500 0.664526 8.554544 0.000000 0.000000 0.000000 1.000000
0.686934 0.167661 0.707115 0.633977 -0.007725 0.974652 -0.223591 87.142723 -0.726679 0.148130 0.670817 8.267910 0.000000 0.000000 0.000000 1.000000
0.687520 0.194837 0.699539 1.237977 -0.047252 0.973295 -0.224644 87.778763 -0.724626 0.121393 0.678366 7.126404 0.000000 0.000000 0.000000 1.000000
0.730128 0.202629 0.652575 1.421075 -0.044799 0.967160 -0.250187 89.219833 -0.681840 0.153434 0.715229 5.600144 0.000000 0.000000 0.000000 1.000000
0.796141 0.136543 0.589504 1.169888 0.047642 0.957040 -0.286014 90.543198 -0.603232 0.255793 0.755434 4.573069 0.000000 0.000000 0.000000 1.000000
0.828162 0.165478 0.535503 1.371024 0.006437 0.952552 -0.304307 90.535522 -0.560451 0.255462 0.787803 3.029791 0.000000 0.000000 0.000000 1.000000
0.831681 0.190778 0.521450 1.480373 -0.027006 0.951907 -0.305194 90.002586 -0.554597 0.239742 0.796835 1.904483 0.000000 0.000000 0.000000 1.000000</float_array>
        <technique_common>
          <accessor source="#mixamorig_Hips-Matrix-animation-output-transform-array" count="18" stride="16">
            <param type="float4x4"/>
          </accessor>
        </technique_common>
      </source>
      <source id="mixamorig_Hips-Interpolations">
        <Name_array id="mixamorig_Hips-Interpolations-array" count="18">
 LINEAR LINEAR LINEAR LINEAR LINEAR LINEAR LINEAR LINEAR LINEAR LINEAR LINEAR
LINEAR LINEAR LINEAR LINEAR LINEAR LINEAR LINEAR</Name_array>
        <technique_common>
          <accessor source="#mixamorig_Hips-Interpolations-array" count="18">
            <param type="name"/>
          </accessor>
        </technique_common>
      </source>
      <sampler id="mixamorig_Hips-Matrix-animation-transform">
        <input semantic="INPUT" source="#mixamorig_Hips-Matrix-animation-input"/>
        <input semantic="OUTPUT" source="#mixamorig_Hips-Matrix-animation-output-transform"/>
        <input semantic="INTERPOLATION" source="#mixamorig_Hips-Interpolations"/>
      </sampler>
      <channel source="#mixamorig_Hips-Matrix-animation-transform" target="mixamorig_Hips/matrix"/>
    </animation>
    <animation id="mixamorig_Spine-anim" name="mixamorig_Spine">
      <source id="mixamorig_Spine-Matrix-animation-input">
        <float_array id="mixamorig_Spine-Matrix-animation-input-array" count="18">

0.000000 0.033333 0.066667 0.100000 0.133333 0.166667 0.200000 0.233333 0.266667 0.300000 0.333333 0.366667 0.400000 0.433333 0.466667 0.500000
0.533333 0.566667</float_array>
        <technique_common>
          <accessor source="#mixamorig_Spine-Matrix-animation-input-array" count="18">
            <param name="TIME" type="float"/>
          </accessor>
        </technique_common>
      </source>
      <source id="mixamorig_Spine-Matrix-animation-output-transform">
        <float_array id="mixamorig_Spine-Matrix-animation-output-transform-array" count="288">

0.994015 0.037559 -0.102582 0.000000 -0.021893 0.988476 0.149784 10.182400 0.107026 -0.146642 0.983383 -0.000000 0.000000 0.000000 0.000000 1.000000
0.994431 0.031912 -0.100443 -0.000000 -0.017307 0.989565 0.143045 10.182400 0.103960 -0.140510 0.984606 -0.000000 0.000000 0.000000 0.000000 1.000000
0.994617 0.024929 -0.100574 0.000000 -0.010772 0.990245 0.138923 10.182400 0.103056 -0.137092 0.985183 0.000000 0.000000 0.000000 0.000000 1.000000
0.995163 0.021908 -0.095765 0.000000 -0.008290 0.990067 0.140352 10.182400 0.097889 -0.138879 0.985460 0.000000 0.000000 0.000000 0.000000 1.000000
0.995985 0.019828 -0.087302 0.000000 -0.007101 0.989591 0.143734 10.182400 0.089243 -0.142537 0.985758 0.000000 0.000000 0.000000 0.000000 1.000000
0.997212 0.001437 -0.074613 -0.000000 0.009508 0.989220 0.146125 10.182400 0.074019 -0.146427 0.986448 0.000000 0.000000 0.000000 0.000000 1.000000
0.997890 -0.011814 -0.063847 0.000000 0.021435 0.988122 0.152167 10.182400 0.061291 -0.153214 0.986290 -0.000000 0.000000 0.000000 0.000000 1.000000
0.997897 -0.044726 -0.046915 -0.000000 0.051872 0.985055 0.164242 10.182400 0.038868 -0.166330 0.985304 -0.000000 0.000000 0.000000 0.000000 1.000000
0.995612 -0.083837 -0.041571 0.000000 0.089949 0.979893 0.178100 10.182400 0.025804 -0.181058 0.983134 0.000000 0.000000 0.000000 0.000000 1.000000
0.994736 -0.019561 -0.100586 0.000000 0.037736 0.982554 0.182109 10.182400 0.095269 -0.184946 0.978120 0.000000 0.000000 0.000000 0.000000 1.000000
0.992335 -0.061431 -0.107225 0.000000 0.078218 0.983991 0.160135 10.182400 0.095671 -0.167294 0.981254 0.000000 0.000000 0.000000 0.000000 1.000000
0.987581 -0.094875 -0.125230 -0.000000 0.112498 0.983436 0.142118 10.182400 0.109672 -0.154441 0.981896 -0.000000 0.000000 0.000000 0.000000 1.000000
0.979931 -0.127468 -0.153258 -0.000000 0.148093 0.980168 0.131681 10.182400 0.133433 -0.151735 0.979373 0.000000 0.000000 0.000000 0.000000 1.000000
0.971148 -0.162177 -0.174845 0.000000 0.184682 0.975303 0.121148 10.182400 0.150880 -0.149944 0.977114 0.000000 0.000000 0.000000 0.000000 1.000000
0.979579 -0.129842 -0.153515 0.000000 0.150123 0.980234 0.128859 10.182400 0.133749 -0.149273 0.979708 0.000000 0.000000 0.000000 0.000000 1.000000
0.992402 0.033547 -0.118379 -0.000000 -0.014711 0.987563 0.156535 10.182400 0.122158 -0.153604 0.980553 -0.000000 0.000000 0.000000 0.000000 1.000000
0.993385 0.040701 -0.107375 0.000000 -0.023465 0.987296 0.157153 10.182400 0.112407 -0.153593 0.981720 0.000000 0.000000 0.000000 0.000000 1.000000
0.994015 0.037559 -0.102582 0.000000 -0.021892 0.988476 0.149784 10.182400 0.107025 -0.146642 0.983383 -0.000000 0.000000 0.000000 0.000000 1.000000</float_array>
        <technique_common>
          <accessor source="#mixamorig_Spine-Matrix-animation-output-transform-array" count="18" stride="16">
            <param type="float4x4"/>
          </accessor>
        </technique_common>
      </source>
      <source id="mixamorig_Spine-Interpolations">
        <Name_array id="mixamorig_Spine-Interpolations-array" count="18">
 LINEAR LINEAR LINEAR LINEAR LINEAR LINEAR LINEAR LINEAR LINEAR LINEAR LINEAR
LINEAR LINEAR LINEAR LINEAR LINEAR LINEAR LINEAR</Name_array>
        <technique_common>
          <accessor source="#mixamorig_Spine-Interpolations-array" count="18">
            <param type="name"/>
          </accessor>
        </technique_common>
      </source>
      <sampler id="mixamorig_Spine-Matrix-animation-transform">
        <input semantic="INPUT" source="#mixamorig_Spine-Matrix-animation-input"/>
        <input semantic="OUTPUT" source="#mixamorig_Spine-Matrix-animation-output-transform"/>
        <input semantic="INTERPOLATION" source="#mixamorig_Spine-Interpolations"/>
      </sampler>
      <channel source="#mixamorig_Spine-Matrix-animation-transform" target="mixamorig_Spine/matrix"/>
    </animation>
    <animation id="mixamorig_Spine1-anim" name="mixamorig_Spine1">
      <source id="mixamorig_Spine1-Matrix-animation-input">
        <float_array id="mixamorig_Spine1-Matrix-animation-input-array" count="18">

0.000000 0.033333 0.066667 0.100000 0.133333 0.166667 0.200000 0.233333 0.266667 0.300000 0.333333 0.366667 0.400000 0.433333 0.466667 0.500000
0.533333 0.566667</float_array>
        <technique_common>
          <accessor source="#mixamorig_Spine1-Matrix-animation-input-array" count="18">
            <param name="TIME" type="float"/>
          </accessor>
        </technique_common>
      </source>
      <source id="mixamorig_Spine1-Matrix-animation-output-transform">
        <float_array id="mixamorig_Spine1-Matrix-animation-output-transform-array" count="288">

0.995404 -0.091119 -0.029459 -0.000000 0.092125 0.995139 0.034807 10.002700 0.026145 -0.037361 0.998960 0.000000 0.000000 0.000000 0.000000 1.000000
0.995283 -0.092351 -0.029717 0.000000 0.093217 0.995217 0.029224 10.002700 0.026876 -0.031856 0.999131 0.000000 0.000000 0.000000 0.000000 1.000000
0.995271 -0.091565 -0.032412 0.000000 0.092435 0.995368 0.026430 10.002700 0.029842 -0.029301 0.999125 0.000000 0.000000 0.000000 0.000000 1.000000
0.995414 -0.090561 -0.030833 -0.000000 0.091453 0.995391 0.028867 10.002700 0.028077 -0.031554 0.999108 -0.000000 0.000000 0.000000 0.000000 1.000000
0.995411 -0.091843 -0.026854 0.000000 0.092692 0.995171 0.032288 10.002700 0.023759 -0.034629 0.999118 -0.000000 0.000000 0.000000 0.000000 1.000000
0.995166 -0.094982 -0.024955 0.000000 0.095800 0.994823 0.033910 10.002700 0.021605 -0.036137 0.999113 -0.000000 0.000000 0.000000 0.000000 1.000000
0.994852 -0.098165 -0.025146 -0.000000 0.099069 0.994368 0.037663 10.002700 0.021307 -0.039960 0.998974 0.000000 0.000000 0.000000 0.000000 1.000000
0.994273 -0.102338 -0.030796 0.000000 0.103776 0.993372 0.049416 10.002700 0.025535 -0.052329 0.998303 -0.000000 0.000000 0.000000 0.000000 1.000000
0.993525 -0.104353 -0.044929 0.000000 0.107121 0.992159 0.064385 10.002700 0.037858 -0.068781 0.996913 0.000000 0.000000 0.000000 0.000000 1.000000
0.993767 -0.094674 -0.058861 0.000000 0.098365 0.993132 0.063344 10.002700 0.052460 -0.068739 0.996254 0.000000 0.000000 0.000000 0.000000 1.000000
0.993739 -0.092215 -0.063087 0.000000 0.095200 0.994392 0.046063 10.002700 0.058486 -0.051780 0.996944 -0.000000 0.000000 0.000000 0.000000 1.000000
0.993643 -0.093844 -0.062191 0.000000 0.096166 0.994734 0.035455 10.002700 0.058537 -0.041210 0.997434 -0.000000 0.000000 0.000000 0.000000 1.000000
0.993075 -0.097496 -0.065549 -0.000000 0.099896 0.994403 0.034393 10.002700 0.061829 -0.040702 0.997256 0.000000 0.000000 0.000000 0.000000 1.000000
0.992230 -0.103238 -0.069430 0.000000 0.105639 0.993895 0.031833 10.002700 0.065720 -0.038920 0.997079 0.000000 0.000000 0.000000 0.000000 1.000000
0.992299 -0.105308 -0.065208 0.000000 0.107505 0.993717 0.031140 10.002700 0.061519 -0.037911 0.997386 0.000000 0.000000 0.000000 0.000000 1.000000
0.994342 -0.093327 -0.050739 -0.000000 0.095288 0.994736 0.037688 10.002700 0.046955 -0.042310 0.998001 0.000000 0.000000 0.000000 0.000000 1.000000
0.995104 -0.092497 -0.034825 0.000000 0.093870 0.994776 0.040103 10.002700 0.030934 -0.043175 0.998588 -0.000000 0.000000 0.000000 0.000000 1.000000
0.995404 -0.091119 -0.029459 0.000000 0.092125 0.995139 0.034807 10.002700 0.026145 -0.037360 0.998960 -0.000000 0.000000 0.000000 0.000000 1.000000</float_array>
        <technique_common>
          <accessor source="#mixamorig_Spine1-Matrix-animation-output-transform-array" count="18" stride="16">
            <param type="float4x4"/>
          </accessor>
        </technique_common>
      </source>
      <source id="mixamorig_Spine1-Interpolations">
        <Name_array id="mixamorig_Spine1-Interpolations-array" count="18">
 LINEAR LINEAR LINEAR LINEAR LINEAR LINEAR LINEAR LINEAR LINEAR LINEAR LINEAR
LINEAR LINEAR LINEAR LINEAR LINEAR LINEAR LINEAR</Name_array>
        <technique_common>
          <accessor source="#mixamorig_Spine1-Interpolations-array" count="18">
            <param type="name"/>
          </accessor>
        </technique_common>
      </source>
      <sampler id="mixamorig_Spine1-Matrix-animation-transform">
        <input semantic="INPUT" source="#mixamorig_Spine1-Matrix-animation-input"/>
        <input semantic="OUTPUT" source="#mixamorig_Spine1-Matrix-animation-output-transform"/>
        <input semantic="INTERPOLATION" source="#mixamorig_Spine1-Interpolations"/>
      </sampler>
      <channel source="#mixamorig_Spine1-Matrix-animation-transform" target="mixamorig_Spine1/matrix"/>
    </animation>
    <animation id="mixamorig_Spine2-anim" name="mixamorig_Spine2">
      <source id="mixamorig_Spine2-Matrix-animation-input">
        <float_array id="mixamorig_Spine2-Matrix-animation-input-array" count="18">

0.000000 0.033333 0.066667 0.100000 0.133333 0.166667 0.200000 0.233333 0.266667 0.300000 0.333333 0.366667 0.400000 0.433333 0.466667 0.500000
0.533333 0.566667</float_array>
        <technique_common>
          <accessor source="#mixamorig_Spine2-Matrix-animation-input-array" count="18">
            <param name="TIME" type="float"/>
          </accessor>
        </technique_common>
      </source>
      <source id="mixamorig_Spine2-Matrix-animation-output-transform">
        <float_array id="mixamorig_Spine2-Matrix-animation-output-transform-array" count="288">

0.992042 0.047775 0.116494 0.000000 -0.051276 0.998313 0.027250 9.322100 -0.114996 -0.033006 0.992817 0.000000 0.000000 0.000000 0.000000 1.000000
0.992150 0.046514 0.116084 0.000000 -0.049373 0.998541 0.021877 9.322100 -0.114897 -0.027436 0.992998 -0.000000 0.000000 0.000000 0.000000 1.000000
0.992404 0.047294 0.113568 0.000000 -0.049770 0.998579 0.019073 9.322100 -0.112505 -0.024581 0.993347 0.000000 0.000000 0.000000 0.000000 1.000000
0.992150 0.048332 0.115339 0.000000 -0.051118 0.998465 0.021318 9.322100 -0.114132 -0.027046 0.993097 0.000000 0.000000 0.000000 0.000000 1.000000
0.991748 0.047089 0.119237 0.000000 -0.050385 0.998422 0.024778 9.322100 -0.117882 -0.030581 0.992557 -0.000000 0.000000 0.000000 0.000000 1.000000
0.991663 0.043872 0.121156 0.000000 -0.047449 0.998514 0.026797 9.322100 -0.119801 -0.032322 0.992272 0.000000 0.000000 0.000000 0.000000 1.000000
0.991784 0.040561 0.121322 0.000000 -0.044635 0.998521 0.031050 9.322100 -0.119883 -0.036210 0.992127 -0.000000 0.000000 0.000000 0.000000 1.000000
0.992488 0.036335 0.116826 0.000000 -0.041681 0.998177 0.043646 9.322100 -0.115027 -0.048188 0.992193 -0.000000 0.000000 0.000000 0.000000 1.000000
0.994029 0.034313 0.103582 -0.000000 -0.040590 0.997426 0.059106 9.322100 -0.101288 -0.062957 0.992863 0.000000 0.000000 0.000000 0.000000 1.000000
0.995015 0.044107 0.089440 0.000000 -0.049302 0.997172 0.056725 9.322100 -0.086685 -0.060852 0.994376 0.000000 0.000000 0.000000 0.000000 1.000000
0.995305 0.046812 0.084719 -0.000000 -0.050238 0.997985 0.038765 9.322100 -0.082734 -0.042839 0.995651 -0.000000 0.000000 0.000000 0.000000 1.000000
0.995357 0.045293 0.084924 0.000000 -0.047830 0.998461 0.028080 9.322100 -0.083522 -0.032011 0.995992 -0.000000 0.000000 0.000000 0.000000 1.000000
0.995848 0.041694 0.080917 -0.000000 -0.044028 0.998658 0.027281 9.322100 -0.079671 -0.030730 0.996347 0.000000 0.000000 0.000000 0.000000 1.000000
0.996402 0.036019 0.076720 0.000000 -0.038064 0.998953 0.025361 9.322100 -0.075726 -0.028190 0.996730 0.000000 0.000000 0.000000 0.000000 1.000000
0.996130 0.033880 0.081095 0.000000 -0.036044 0.999028 0.025374 9.322100 -0.080157 -0.028198 0.996383 -0.000000 0.000000 0.000000 0.000000 1.000000
0.994338 0.045600 0.095984 -0.000000 -0.048773 0.998330 0.030967 9.322100 -0.094412 -0.035474 0.994901 -0.000000 0.000000 0.000000 0.000000 1.000000
0.992674 0.046385 0.111567 0.000000 -0.050340 0.998190 0.032891 9.322100 -0.109839 -0.038266 0.993213 0.000000 0.000000 0.000000 0.000000 1.000000
0.992042 0.047775 0.116495 -0.000000 -0.051276 0.998313 0.027250 9.322100 -0.114996 -0.033006 0.992817 -0.000000 0.000000 0.000000 0.000000 1.000000</float_array>
        <technique_common>
          <accessor source="#mixamorig_Spine2-Matrix-animation-output-transform-array" count="18" stride="16">
            <param type="float4x4"/>
          </accessor>
        </technique_common>
      </source>
      <source id="mixamorig_Spine2-Interpolations">
        <Name_array id="mixamorig_Spine2-Interpolations-array" count="18">
 LINEAR LINEAR LINEAR LINEAR LINEAR LINEAR LINEAR LINEAR LINEAR LINEAR LINEAR
LINEAR LINEAR LINEAR LINEAR LINEAR LINEAR LINEAR</Name_array>
        <technique_common>
          <accessor source="#mixamorig_Spine2-Interpolations-array" count="18">
            <param type="name"/>
          </accessor>
        </technique_common>
      </source>
      <sampler id="mixamorig_Spine2-Matrix-animation-transform">
        <input semantic="INPUT" source="#mixamorig_Spine2-Matrix-animation-input"/>
        <input semantic="OUTPUT" source="#mixamorig_Spine2-Matrix-animation-output-transform"/>
        <input semantic="INTERPOLATION" source="#mixamorig_Spine2-Interpolations"/>
      </sampler>
      <channel source="#mixamorig_Spine2-Matrix-animation-transform" target="mixamorig_Spine2/matrix"/>
    </animation>
    <animation id="mixamorig_Neck-anim" name="mixamorig_Neck">
      <source id="mixamorig_Neck-Matrix-animation-input">
        <float_array id="mixamorig_Neck-Matrix-animation-input-array" count="18">

0.000000 0.033333 0.066667 0.100000 0.133333 0.166667 0.200000 0.233333 0.266667 0.300000 0.333333 0.366667 0.400000 0.433333 0.466667 0.500000
0.533333 0.566667</float_array>
        <technique_common>
          <accessor source="#mixamorig_Neck-Matrix-animation-input-array" count="18">
            <param name="TIME" type="float"/>
          </accessor>
        </technique_common>
      </source>
      <source id="mixamorig_Neck-Matrix-animation-output-transform">
        <float_array id="mixamorig_Neck-Matrix-animation-output-transform-array" count="288">

0.989933 -0.061734 -0.127366 -0.000000 0.034255 0.977614 -0.207601 16.865299 0.137331 0.201148 0.969886 0.000000 0.000000 0.000000 0.000000 1.000000
0.989806 -0.061066 -0.128669 0.000000 0.034065 0.978702 -0.202439 16.865299 0.138291 0.195992 0.970805 0.000000 0.000000 0.000000 0.000000 1.000000
0.989205 -0.063742 -0.131950 -0.000000 0.036403 0.979104 -0.200075 16.865299 0.141946 0.193111 0.970855 -0.000000 0.000000 0.000000 0.000000 1.000000
0.988581 -0.060572 -0.137982 0.000000 0.032461 0.979758 -0.197534 16.865299 0.147154 0.190800 0.970537 -0.000000 0.000000 0.000000 0.000000 1.000000
0.988196 -0.048838 -0.145199 0.000000 0.019465 0.980168 -0.197208 16.865299 0.151950 0.192054 0.969550 0.000000 0.000000 0.000000 0.000000 1.000000
0.987879 -0.032269 -0.151838 -0.000000 0.001593 0.980211 -0.197951 16.865299 0.155220 0.195310 0.968380 0.000000 0.000000 0.000000 0.000000 1.000000
0.987664 -0.017096 -0.155653 0.000000 -0.014172 0.980183 -0.197585 16.865299 0.155947 0.197353 0.967849 0.000000 0.000000 0.000000 0.000000 1.000000
0.987768 0.000668 -0.155929 -0.000000 -0.032833 0.978462 -0.203797 16.865299 0.152434 0.206424 0.966516 0.000000 0.000000 0.000000 0.000000 1.000000
0.988209 0.009993 -0.152787 0.000000 -0.043132 0.975626 -0.215158 16.865299 0.146913 0.219211 0.964553 0.000000 0.000000 0.000000 0.000000 1.000000
0.989182 -0.000399 -0.146692 -0.000000 -0.031879 0.975512 -0.217622 16.865299 0.143186 0.219944 0.964947 0.000000 0.000000 0.000000 0.000000 1.000000
0.989786 -0.006388 -0.142417 0.000000 -0.024560 0.976417 -0.214492 16.865299 0.140428 0.215799 0.966287 0.000000 0.000000 0.000000 0.000000 1.000000
0.990314 -0.013099 -0.138227 -0.000000 -0.018393 0.974390 -0.224112 16.865299 0.137622 0.224483 0.964711 -0.000000 0.000000 0.000000 0.000000 1.000000
0.990897 -0.021250 -0.132936 0.000000 -0.011227 0.970981 -0.238894 16.865299 0.134155 0.238212 0.961903 0.000000 0.000000 0.000000 0.000000 1.000000
0.991297 -0.026929 -0.128862 0.000000 -0.004878 0.970670 -0.240367 16.865299 0.131555 0.238904 0.962090 0.000000 0.000000 0.000000 0.000000 1.000000
0.991442 -0.030075 -0.127037 0.000000 0.000141 0.973349 -0.229327 16.865299 0.130549 0.227347 0.965024 0.000000 0.000000 0.000000 0.000000 1.000000
0.991095 -0.041185 -0.126627 0.000000 0.012356 0.975307 -0.220506 16.865299 0.132581 0.216978 0.967131 0.000000 0.000000 0.000000 0.000000 1.000000
0.990452 -0.054344 -0.126697 -0.000000 0.025942 0.976078 -0.215869 16.865299 0.135398 0.210521 0.968168 0.000000 0.000000 0.000000 0.000000 1.000000
0.989933 -0.061734 -0.127366 -0.000000 0.034255 0.977614 -0.207601 16.865299 0.137331 0.201148 0.969886 -0.000000 0.000000 0.000000 0.000000 1.000000</float_array>
        <technique_common>
          <accessor source="#mixamorig_Neck-Matrix-animation-output-transform-array" count="18" stride="16">
            <param type="float4x4"/>
          </accessor>
        </technique_common>
      </source>
      <source id="mixamorig_Neck-Interpolations">
        <Name_array id="mixamorig_Neck-Interpolations-array" count="18">
 LINEAR LINEAR LINEAR LINEAR LINEAR LINEAR LINEAR LINEAR LINEAR LINEAR LINEAR
LINEAR LINEAR LINEAR LINEAR LINEAR LINEAR LINEAR</Name_array>
        <technique_common>
          <accessor source="#mixamorig_Neck-Interpolations-array" count="18">
            <param type="name"/>
          </accessor>
        </technique_common>
      </source>
      <sampler id="mixamorig_Neck-Matrix-animation-transform">
        <input semantic="INPUT" source="#mixamorig_Neck-Matrix-animation-input"/>
        <input semantic="OUTPUT" source="#mixamorig_Neck-Matrix-animation-output-transform"/>
        <input semantic="INTERPOLATION" source="#mixamorig_Neck-Interpolations"/>
      </sampler>
      <channel source="#mixamorig_Neck-Matrix-animation-transform" target="mixamorig_Neck/matrix"/>
    </animation>
    <animation id="mixamorig_Head-anim" name="mixamorig_Head">
      <source id="mixamorig_Head-Matrix-animation-input">
        <float_array id="mixamorig_Head-Matrix-animation-input-array" count="18">

0.000000 0.033333 0.066667 0.100000 0.133333 0.166667 0.200000 0.233333 0.266667 0.300000 0.333333 0.366667 0.400000 0.433333 0.466667 0.500000
0.533333 0.566667</float_array>
        <technique_common>
          <accessor source="#mixamorig_Head-Matrix-animation-input-array" count="18">
            <param name="TIME" type="float"/>
          </accessor>
        </technique_common>
      </source>
      <source id="mixamorig_Head-Matrix-animation-output-transform">
        <float_array id="mixamorig_Head-Matrix-animation-output-transform-array" count="288">

0.929854 0.175097 -0.323593 -0.000000 -0.179140 0.983668 0.017502 9.341900 0.321373 0.041694 0.946034 2.841000 0.000000 0.000000 0.000000 1.000000
0.927690 0.176379 -0.329062 0.000000 -0.176755 0.983827 0.029030 9.341900 0.328860 0.031233 0.943862 2.841000 0.000000 0.000000 0.000000 1.000000
0.923462 0.171683 -0.343137 0.000000 -0.176564 0.984138 0.017223 9.341900 0.340651 0.044681 0.939127 2.841000 0.000000 0.000000 0.000000 1.000000
0.913255 0.169869 -0.370283 -0.000000 -0.184836 0.982757 -0.005029 9.341900 0.363044 0.073034 0.928905 2.841000 0.000000 0.000000 0.000000 1.000000
0.896237 0.177723 -0.406415 0.000000 -0.204514 0.978592 -0.023066 9.341900 0.393615 0.103790 0.913397 2.841000 0.000000 0.000000 0.000000 1.000000
0.876772 0.185937 -0.443507 -0.000000 -0.221705 0.974662 -0.029670 9.341900 0.426753 0.124341 0.895780 2.841000 0.000000 0.000000 0.000000 1.000000
0.864410 0.183722 -0.468019 0.000000 -0.226285 0.973402 -0.035829 9.341900 0.448988 0.136877 0.882992 2.841000 0.000000 0.000000 0.000000 1.000000
0.859827 0.185528 -0.475686 0.000000 -0.233521 0.971390 -0.043237 9.341900 0.454055 0.148259 0.878552 2.841000 0.000000 0.000000 0.000000 1.000000
0.861453 0.195831 -0.468560 0.000000 -0.246706 0.967847 -0.049069 9.341900 0.443885 0.157867 0.882068 2.841000 0.000000 0.000000 0.000000 1.000000
0.870580 0.190188 -0.453783 0.000000 -0.237292 0.970222 -0.048606 9.341900 0.431026 0.149995 0.889785 2.841000 0.000000 0.000000 0.000000 1.000000
0.877987 0.182900 -0.442364 -0.000000 -0.222134 0.974273 -0.038059 9.341900 0.424022 0.131679 0.896028 2.841000 0.000000 0.000000 0.000000 1.000000
0.887200 0.178857 -0.425308 -0.000000 -0.213461 0.976335 -0.034701 9.341900 0.409036 0.121574 0.904383 2.841000 0.000000 0.000000 0.000000 1.000000
0.897676 0.179341 -0.402509 0.000000 -0.212090 0.976515 -0.037909 9.341900 0.386258 0.119399 0.914631 2.841000 0.000000 0.000000 0.000000 1.000000
0.905451 0.186350 -0.381355 -0.000000 -0.214967 0.976048 -0.033449 9.341900 0.365988 0.112265 0.923823 2.841000 0.000000 0.000000 0.000000 1.000000
0.911309 0.197245 -0.361401 0.000000 -0.216716 0.976138 -0.013718 9.341900 0.350072 0.090823 0.932309 2.841000 0.000000 0.000000 0.000000 1.000000
0.919510 0.197094 -0.340081 0.000000 -0.208406 0.978037 0.003335 9.341900 0.333269 0.067808 0.940390 2.841000 0.000000 0.000000 0.000000 1.000000
0.927559 0.186215 -0.323973 0.000000 -0.193390 0.981069 0.010215 9.341900 0.319742 0.053178 0.946011 2.841000 0.000000 0.000000 0.000000 1.000000
0.929854 0.175097 -0.323594 0.000000 -0.179139 0.983668 0.017503 9.341900 0.321373 0.041694 0.946034 2.841000 0.000000 0.000000 0.000000 1.000000</float_array>
        <technique_common>
          <accessor source="#mixamorig_Head-Matrix-animation-output-transform-array" count="18" stride="16">
            <param type="float4x4"/>
          </accessor>
        </technique_common>
      </source>
      <source id="mixamorig_Head-Interpolations">
        <Name_array id="mixamorig_Head-Interpolations-array" count="18">
 LINEAR LINEAR LINEAR LINEAR LINEAR LINEAR LINEAR LINEAR LINEAR LINEAR LINEAR
LINEAR LINEAR LINEAR LINEAR LINEAR LINEAR LINEAR</Name_array>
        <technique_common>
          <accessor source="#mixamorig_Head-Interpolations-array" count="18">
            <param type="name"/>
          </accessor>
        </technique_common>
      </source>
      <sampler id="mixamorig_Head-Matrix-animation-transform">
        <input semantic="INPUT" source="#mixamorig_Head-Matrix-animation-input"/>
        <input semantic="OUTPUT" source="#mixamorig_Head-Matrix-animation-output-transform"/>
        <input semantic="INTERPOLATION" source="#mixamorig_Head-Interpolations"/>
      </sampler>
      <channel source="#mixamorig_Head-Matrix-animation-transform" target="mixamorig_Head/matrix"/>
    </animation>
    <animation id="mixamorig_RightShoulder-anim" name="mixamorig_RightShoulder">
      <source id="mixamorig_RightShoulder-Matrix-animation-input">
        <float_array id="mixamorig_RightShoulder-Matrix-animation-input-array" count="18">

0.000000 0.033333 0.066667 0.100000 0.133333 0.166667 0.200000 0.233333 0.266667 0.300000 0.333333 0.366667 0.400000 0.433333 0.466667 0.500000
0.533333 0.566667</float_array>
        <technique_common>
          <accessor source="#mixamorig_RightShoulder-Matrix-animation-input-array" count="18">
            <param name="TIME" type="float"/>
          </accessor>
        </technique_common>
      </source>
      <source id="mixamorig_RightShoulder-Matrix-animation-output-transform">
        <float_array id="mixamorig_RightShoulder-Matrix-animation-output-transform-array" count="288">

-0.279873 -0.927229 0.248832 -4.570000 -0.225632 -0.188401 -0.955822 11.195800 0.933146 -0.323653 -0.156484 -0.806600 0.000000 0.000000 0.000000 1.000000
-0.262132 -0.933840 0.243371 -4.570000 -0.222615 -0.186874 -0.956829 11.195800 0.939005 -0.304993 -0.158901 -0.806600 0.000000 0.000000 0.000000 1.000000
-0.264895 -0.933649 0.241102 -4.570000 -0.221443 -0.184451 -0.957570 11.195800 0.938506 -0.307046 -0.157889 -0.806600 0.000000 0.000000 0.000000 1.000000
-0.278650 -0.932889 0.228193 -4.570000 -0.215104 -0.170944 -0.961514 11.195800 0.935994 -0.317011 -0.153035 -0.806600 0.000000 0.000000 0.000000 1.000000
-0.288935 -0.935543 0.203163 -4.570000 -0.202517 -0.147683 -0.968079 11.195800 0.935683 -0.320856 -0.146793 -0.806600 0.000000 0.000000 0.000000 1.000000
-0.294610 -0.938167 0.181788 -4.570000 -0.191556 -0.128393 -0.973048 11.195800 0.936222 -0.321492 -0.141886 -0.806600 0.000000 0.000000 0.000000 1.000000
-0.296485 -0.937710 0.181098 -4.570000 -0.190952 -0.127591 -0.973272 11.195800 0.935753 -0.323142 -0.141229 -0.806600 0.000000 0.000000 0.000000 1.000000
-0.289259 -0.935686 0.202042 -4.570000 -0.201458 -0.146833 -0.968429 11.195800 0.935812 -0.320830 -0.146028 -0.806600 0.000000 0.000000 0.000000 1.000000
-0.278426 -0.932559 0.229812 -4.570000 -0.215453 -0.172532 -0.961152 11.195800 0.935980 -0.317123 -0.152885 -0.806600 0.000000 0.000000 0.000000 1.000000
-0.274088 -0.931408 0.239491 -4.570000 -0.220314 -0.181593 -0.958377 11.195800 0.936129 -0.315442 -0.155430 -0.806600 0.000000 0.000000 0.000000 1.000000
-0.274168 -0.935294 0.223734 -4.570000 -0.212297 -0.168045 -0.962648 11.195800 0.937956 -0.311426 -0.152488 -0.806600 0.000000 0.000000 0.000000 1.000000
-0.272400 -0.938170 0.213623 -4.570000 -0.207131 -0.159637 -0.965201 11.195800 0.939625 -0.307168 -0.150839 -0.806600 0.000000 0.000000 0.000000 1.000000
-0.277128 -0.934016 0.225422 -4.570000 -0.213110 -0.169016 -0.962298 11.195800 0.936901 -0.314720 -0.152209 -0.806600 0.000000 0.000000 0.000000 1.000000
-0.289883 -0.926608 0.239512 -4.570000 -0.220389 -0.178903 -0.958865 11.195800 0.931341 -0.330745 -0.152353 -0.806600 0.000000 0.000000 0.000000 1.000000
-0.294530 -0.923296 0.246528 -4.570000 -0.224121 -0.184040 -0.957026 11.195800 0.928990 -0.337125 -0.152724 -0.806600 0.000000 0.000000 0.000000 1.000000
-0.285489 -0.924320 0.253235 -4.570000 -0.227731 -0.191237 -0.954760 11.195800 0.930932 -0.330243 -0.155901 -0.806600 0.000000 0.000000 0.000000 1.000000
-0.275355 -0.926392 0.256861 -4.570000 -0.229730 -0.196040 -0.953306 11.195800 0.933490 -0.321506 -0.158840 -0.806600 0.000000 0.000000 0.000000 1.000000
-0.279873 -0.927229 0.248832 -4.570000 -0.225632 -0.188401 -0.955822 11.195800 0.933146 -0.323654 -0.156484 -0.806600 0.000000 0.000000 0.000000 1.000000</float_array>
        <technique_common>
          <accessor source="#mixamorig_RightShoulder-Matrix-animation-output-transform-array" count="18" stride="16">
            <param type="float4x4"/>
          </accessor>
        </technique_common>
      </source>
      <source id="mixamorig_RightShoulder-Interpolations">
        <Name_array id="mixamorig_RightShoulder-Interpolations-array" count="18">
 LINEAR LINEAR LINEAR LINEAR LINEAR LINEAR LINEAR LINEAR LINEAR LINEAR LINEAR
LINEAR LINEAR LINEAR LINEAR LINEAR LINEAR LINEAR</Name_array>
        <technique_common>
          <accessor source="#mixamorig_RightShoulder-Interpolations-array" count="18">
            <param type="name"/>
          </accessor>
        </technique_common>
      </source>
      <sampler id="mixamorig_RightShoulder-Matrix-animation-transform">
        <input semantic="INPUT" source="#mixamorig_RightShoulder-Matrix-animation-input"/>
        <input semantic="OUTPUT" source="#mixamorig_RightShoulder-Matrix-animation-output-transform"/>
        <input semantic="INTERPOLATION" source="#mixamorig_RightShoulder-Interpolations"/>
      </sampler>
      <channel source="#mixamorig_RightShoulder-Matrix-animation-transform" target="mixamorig_RightShoulder/matrix"/>
    </animation>
    <animation id="mixamorig_RightArm-anim" name="mixamorig_RightArm">
      <source id="mixamorig_RightArm-Matrix-animation-input">
        <float_array id="mixamorig_RightArm-Matrix-animation-input-array" count="18">

0.000000 0.033333 0.066667 0.100000 0.133333 0.166667 0.200000 0.233333 0.266667 0.300000 0.333333 0.366667 0.400000 0.433333 0.466667 0.500000
0.533333 0.566667</float_array>
        <technique_common>
          <accessor source="#mixamorig_RightArm-Matrix-animation-input-array" count="18">
            <param name="TIME" type="float"/>
          </accessor>
        </technique_common>
      </source>
      <source id="mixamorig_RightArm-Matrix-animation-output-transform">
        <float_array id="mixamorig_RightArm-Matrix-animation-output-transform-array" count="288">

0.376301 0.919241 0.115727 0.000000 -0.673368 0.357144 -0.647321 10.838200 -0.636375 0.165661 0.753381 0.000000 0.000000 0.000000 0.000000 1.000000
0.413556 0.899715 0.139589 0.000000 -0.624469 0.391862 -0.675635 10.838200 -0.662579 0.192244 0.723900 0.000000 0.000000 0.000000 0.000000 1.000000
0.447511 0.882274 0.146035 0.000000 -0.591157 0.414384 -0.691968 10.838200 -0.671020 0.223333 0.707004 0.000000 0.000000 0.000000 0.000000 1.000000
0.487186 0.863685 0.129225 0.000000 -0.569676 0.426460 -0.702568 10.838200 -0.661906 0.268664 0.699785 0.000000 0.000000 0.000000 0.000000 1.000000
0.526226 0.843298 0.109248 0.000000 -0.548102 0.434601 -0.714637 10.838200 -0.650131 0.316182 0.690911 -0.000000 0.000000 0.000000 0.000000 1.000000
0.558620 0.822951 0.103419 0.000000 -0.527853 0.448915 -0.721004 10.838200 -0.639777 0.348178 0.685170 0.000000 0.000000 0.000000 0.000000 1.000000
0.579188 0.808229 0.106338 0.000000 -0.524076 0.469086 -0.710847 10.838200 -0.624409 0.355985 0.695262 0.000000 0.000000 0.000000 0.000000 1.000000
0.586346 0.801804 0.115360 0.000000 -0.543270 0.494862 -0.678210 10.838200 -0.600879 0.334994 0.725757 0.000000 0.000000 0.000000 0.000000 1.000000
0.563275 0.814650 0.138083 0.000000 -0.573291 0.505669 -0.644699 10.838200 -0.595028 0.283981 0.751862 0.000000 0.000000 0.000000 0.000000 1.000000
0.526988 0.836235 0.151640 -0.000000 -0.586354 0.486910 -0.647386 10.838200 -0.615201 0.252250 0.746925 0.000000 0.000000 0.000000 0.000000 1.000000
0.474613 0.864218 0.166945 -0.000000 -0.590417 0.453250 -0.667811 10.838200 -0.652802 0.218385 0.725367 0.000000 0.000000 0.000000 0.000000 1.000000
0.421786 0.889522 0.175634 0.000000 -0.609494 0.421573 -0.671412 10.838200 -0.671278 0.176144 0.719972 0.000000 0.000000 0.000000 0.000000 1.000000
0.365246 0.915449 0.168965 0.000000 -0.652844 0.381280 -0.654538 10.838200 -0.663619 0.128760 0.736906 0.000000 0.000000 0.000000 0.000000 1.000000
0.314872 0.935970 0.157527 0.000000 -0.691912 0.339966 -0.636931 10.838200 -0.649703 0.091557 0.754655 0.000000 0.000000 0.000000 0.000000 1.000000
0.315146 0.937140 0.149837 0.000000 -0.706777 0.337120 -0.621946 10.838200 -0.633363 0.090102 0.768591 0.000000 0.000000 0.000000 0.000000 1.000000
0.365256 0.921346 0.133077 -0.000000 -0.699739 0.366017 -0.613512 10.838200 -0.613965 0.130969 0.778392 -0.000000 0.000000 0.000000 0.000000 1.000000
0.376443 0.917450 0.128746 0.000000 -0.688630 0.370061 -0.623573 10.838200 -0.619741 0.146081 0.771091 -0.000000 0.000000 0.000000 0.000000 1.000000
0.376301 0.919241 0.115727 0.000000 -0.673368 0.357144 -0.647320 10.838200 -0.636375 0.165660 0.753381 0.000000 0.000000 0.000000 0.000000 1.000000</float_array>
        <technique_common>
          <accessor source="#mixamorig_RightArm-Matrix-animation-output-transform-array" count="18" stride="16">
            <param type="float4x4"/>
          </accessor>
        </technique_common>
      </source>
      <source id="mixamorig_RightArm-Interpolations">
        <Name_array id="mixamorig_RightArm-Interpolations-array" count="18">
 LINEAR LINEAR LINEAR LINEAR LINEAR LINEAR LINEAR LINEAR LINEAR LINEAR LINEAR
LINEAR LINEAR LINEAR LINEAR LINEAR LINEAR LINEAR</Name_array>
        <technique_common>
          <accessor source="#mixamorig_RightArm-Interpolations-array" count="18">
            <param type="name"/>
          </accessor>
        </technique_common>
      </source>
      <sampler id="mixamorig_RightArm-Matrix-animation-transform">
        <input semantic="INPUT" source="#mixamorig_RightArm-Matrix-animation-input"/>
        <input semantic="OUTPUT" source="#mixamorig_RightArm-Matrix-animation-output-transform"/>
        <input semantic="INTERPOLATION" source="#mixamorig_RightArm-Interpolations"/>
      </sampler>
      <channel source="#mixamorig_RightArm-Matrix-animation-transform" target="mixamorig_RightArm/matrix"/>
    </animation>
    <animation id="mixamorig_RightForeArm-anim" name="mixamorig_RightForeArm">
      <source id="mixamorig_RightForeArm-Matrix-animation-input">
        <float_array id="mixamorig_RightForeArm-Matrix-animation-input-array" count="18">

0.000000 0.033333 0.066667 0.100000 0.133333 0.166667 0.200000 0.233333 0.266667 0.300000 0.333333 0.366667 0.400000 0.433333 0.466667 0.500000
0.533333 0.566667</float_array>
        <technique_common>
          <accessor source="#mixamorig_RightForeArm-Matrix-animation-input-array" count="18">
            <param name="TIME" type="float"/>
          </accessor>
        </technique_common>
      </source>
      <source id="mixamorig_RightForeArm-Matrix-animation-output-transform">
        <float_array id="mixamorig_RightForeArm-Matrix-animation-output-transform-array" count="288">

0.141384 0.989955 0.000000 0.000000 -0.989955 0.141384 0.000000 27.841499 -0.000000 -0.000000 1.000000 0.000000 0.000000 0.000000 0.000000 1.000000
0.100335 0.994954 0.000000 0.000000 -0.994954 0.100335 -0.000001 27.841499 -0.000001 -0.000000 1.000000 0.000000 0.000000 0.000000 0.000000 1.000000
0.049905 0.998754 0.000000 -0.000000 -0.998754 0.049905 -0.000000 27.841499 -0.000000 -0.000000 1.000000 0.000000 0.000000 0.000000 0.000000 1.000000
-0.006850 0.999977 0.000000 0.000000 -0.999977 -0.006850 0.000010 27.841499 0.000010 -0.000000 1.000000 0.000000 0.000000 0.000000 0.000000 1.000000
-0.062508 0.998044 0.000000 0.000000 -0.998044 -0.062508 0.000000 27.841499 0.000000 -0.000000 1.000000 -0.000000 0.000000 0.000000 0.000000 1.000000
-0.125323 0.992116 -0.000000 0.000000 -0.992116 -0.125323 0.000001 27.841499 0.000001 0.000000 1.000000 0.000000 0.000000 0.000000 0.000000 1.000000
-0.183369 0.983044 -0.000000 0.000000 -0.983044 -0.183369 -0.000000 27.841499 -0.000000 0.000000 1.000000 0.000000 0.000000 0.000000 0.000000 1.000000
-0.209493 0.977810 -0.000000 0.000000 -0.977810 -0.209493 0.000000 27.841499 0.000000 0.000000 1.000000 0.000000 0.000000 0.000000 0.000000 1.000000
-0.194602 0.980882 -0.000000 0.000000 -0.980882 -0.194602 0.000000 27.841499 0.000000 0.000000 1.000000 0.000000 0.000000 0.000000 0.000000 1.000000
