<?xml version="1.0" encoding="utf-8"?>
<COLLADA xmlns="http://www.collada.org/2005/11/COLLADASchema" version="1.4.1">
  <asset>
    <contributor>
      <author>Mixamo</author>
      <authoring_tool>COLLADA Mixamo exporter</authoring_tool>
      <comments/>
    </contributor>
    <created>2024-04-18T04:32:06Z</created>
    <modified>2024-04-18T04:32:06Z</modified>
    <revision/>
    <title/>
    <unit meter="0.010000"/>
    <up_axis>Y_UP</up_axis>
  </asset>
  <library_animations>
    <animation id="mixamorig_Hips-anim" name="mixamorig_Hips">
      <source id="mixamorig_Hips-Matrix-animation-input">
        <float_array id="mixamorig_Hips-Matrix-animation-input-array" count="18">

0.000000 0.033333 0.066667 0.100000 0.133333 0.166667 0.200000 0.233333 0.266667 0.300000 0.333333 0.366667 0.400000 0.433333 0.466667 0.500000
0.533333 0.566667</float_array>
        <technique_common>
          <accessor source="#mixamorig_Hips-Matrix-animation-input-array" count="18">
            <param name="TIME" type="float"/>
          </accessor>
        </technique_common>
      </source>
      <source id="mixamorig_Hips-Matrix-animation-output-transform">
        <float_array id="mixamorig_Hips-Matrix-animation-output-transform-array" count="288">

0.831680 -0.190753 -0.521461 -1.480441 0.026973 0.951908 -0.305194 90.004372 0.554600 0.239758 0.796828 1.905050 0.000000 0.000000 0.000000 1.000000
0.825981 -0.197605 -0.527928 -2.616389 0.036398 0.953285 -0.299870 88.137314 0.562522 0.228472 0.794588 1.374556 0.000000 0.000000 0.000000 1.000000
0.809182 -0.194303 -0.554501 -3.687016 0.034354 0.957769 -0.285479 86.365273 0.586554 0.211955 0.781684 1.343739 0.000000 0.000000 0.000000 1.000000
0.796493 -0.178012 -0.577850 -4.771676 0.019011 0.962581 -0.270328 85.432045 0.604349 0.204329 0.770073 1.832404 0.000000 0.000000 0.000000 1.000000
0.784192 -0.151732 -0.601681 -5.443456 -0.006568 0.967559 -0.252559 85.471260 0.620483 0.202007 0.757756 2.727564 0.000000 0.000000 0.000000 1.000000
0.767713 -0.136283 -0.626134 -5.357018 -0.024453 0.970180 -0.241149 86.732124 0.640327 0.200443 0.741488 3.685544 0.000000 0.000000 0.000000 1.000000
0.752951 -0.130142 -0.645079 -4.461520 -0.043535 0.968252 -0.246156 88.759308 0.656635 0.213427 0.723381 4.734804 0.000000 0.000000 0.000000 1.000000
0.750258 -0.153618 -0.643050 -3.439686 -0.033545 0.962534 -0.269077 90.455124 0.660293 0.223448 0.716996 5.947811 0.000000 0.000000 0.000000 1.000000
0.741306 -0.190457 -0.643577 -2.561396 -0.011679 0.955087 -0.296096 90.866791 0.671065 0.227014 0.705788 7.139431 0.000000 0.000000 0.000000 1.000000
0.693535 -0.157800 -0.702929 -0.766136 -0.087026 0.950221 -0.299177 90.383049 0.715148 0.268662 0.645279 8.308771 0.000000 0.000000 0.000000 1.000000
0.688091 -0.158647 -0.708069 0.087481 -0.058229 0.960587 -0.271811 88.979912 0.723284 0.228262 0.651734 8.536327 0.000000 0.000000 0.000000 1.000000
0.689104 -0.154809 -0.707934 -0.036104 -0.027745 0.970562 -0.239246 87.509842 0.724132 0.184507 0.664523 8.554953 0.000000 0.000000 0.000000 1.000000
0.686934 -0.167651 -0.707117 -0.633805 0.007710 0.974652 -0.223591 87.144600 0.726679 0.148141 0.670815 8.268400 0.000000 0.000000 0.000000 1.000000
0.687519 -0.194832 -0.699541 -1.238025 0.047244 0.973295 -0.224644 87.780113 0.724628 0.121398 0.678363 7.126578 0.000000 0.000000 0.000000 1.000000
0.730129 -0.202611 -0.652580 -1.421224 0.044773 0.967162 -0.250188 89.220619 0.681841 0.153451 0.715224 5.600762 0.000000 0.000000 0.000000 1.000000
0.796141 -0.136523 -0.589510 -1.169949 -0.047668 0.957039 -0.286014 90.544678 0.603231 0.255808 0.755430 4.573316 0.000000 0.000000 0.000000 1.000000
0.828162 -0.165458 -0.535511 -1.371107 -0.006462 0.952552 -0.304307 90.537018 0.560452 0.255476 0.787798 3.030109 0.000000 0.000000 0.000000 1.000000
0.831680 -0.190753 -0.521461 -1.480445 0.026973 0.951908 -0.305194 90.004372 0.554600 0.239759 0.796828 1.905054 0.000000 0.000000 0.000000 1.000000</float_array>
        <technique_common>
          <accessor source="#mixamorig_Hips-Matrix-animation-output-transform-array" count="18" stride="16">
            <param type="float4x4"/>
          </accessor>
        </technique_common>
      </source>
      <source id="mixamorig_Hips-Interpolations">
        <Name_array id="mixamorig_Hips-Interpolations-array" count="18">
 LINEAR LINEAR LINEAR LINEAR LINEAR LINEAR LINEAR LINEAR LINEAR LINEAR LINEAR
LINEAR LINEAR LINEAR LINEAR LINEAR LINEAR LINEAR</Name_array>
        <technique_common>
          <accessor source="#mixamorig_Hips-Interpolations-array" count="18">
            <param type="name"/>
          </accessor>
        </technique_common>
      </source>
      <sampler id="mixamorig_Hips-Matrix-animation-transform">
        <input semantic="INPUT" source="#mixamorig_Hips-Matrix-animation-input"/>
        <input semantic="OUTPUT" source="#mixamorig_Hips-Matrix-animation-output-transform"/>
        <input semantic="INTERPOLATION" source="#mixamorig_Hips-Interpolations"/>
      </sampler>
      <channel source="#mixamorig_Hips-Matrix-animation-transform" target="mixamorig_Hips/matrix"/>
    </animation>
    <animation id="mixamorig_Spine-anim" name="mixamorig_Spine">
      <source id="mixamorig_Spine-Matrix-animation-input">
        <float_array id="mixamorig_Spine-Matrix-animation-input-array" count="18">

0.000000 0.033333 0.066667 0.100000 0.133333 0.166667 0.200000 0.233333 0.266667 0.300000 0.333333 0.366667 0.400000 0.433333 0.466667 0.500000
0.533333 0.566667</float_array>
        <technique_common>
          <accessor source="#mixamorig_Spine-Matrix-animation-input-array" count="18">
            <param name="TIME" type="float"/>
          </accessor>
        </technique_common>
      </source>
      <source id="mixamorig_Spine-Matrix-animation-output-transform">
        <float_array id="mixamorig_Spine-Matrix-animation-output-transform-array" count="288">

0.994013 -0.037591 0.102590 0.000000 0.021922 0.988475 0.149787 10.182400 -0.107038 -0.146641 0.983382 0.000000 0.000000 0.000000 0.000000 1.000000
0.994429 -0.031943 0.100453 0.000000 0.017337 0.989564 0.143048 10.182400 -0.103974 -0.140510 0.984605 0.000000 0.000000 0.000000 0.000000 1.000000
0.994616 -0.024961 0.100583 -0.000000 0.010802 0.990244 0.138926 10.182400 -0.103069 -0.137092 0.985182 0.000000 0.000000 0.000000 0.000000 1.000000
0.995162 -0.021937 0.095772 0.000000 0.008318 0.990066 0.140354 10.182400 -0.097900 -0.138879 0.985458 0.000000 0.000000 0.000000 0.000000 1.000000
0.995984 -0.019850 0.087307 0.000000 0.007123 0.989590 0.143736 10.182400 -0.089252 -0.142536 0.985757 -0.000000 0.000000 0.000000 0.000000 1.000000
0.997211 -0.001455 0.074617 0.000000 -0.009490 0.989220 0.146127 10.182400 -0.074025 -0.146427 0.986448 -0.000000 0.000000 0.000000 0.000000 1.000000
0.997890 0.011808 0.063849 0.000000 -0.021429 0.988122 0.152167 10.182400 -0.061294 -0.153215 0.986290 -0.000000 0.000000 0.000000 0.000000 1.000000
0.997897 0.044728 0.046916 0.000000 -0.051874 0.985055 0.164242 10.182400 -0.038868 -0.166330 0.985304 0.000000 0.000000 0.000000 0.000000 1.000000
0.995612 0.083839 0.041571 0.000000 -0.089952 0.979892 0.178100 10.182400 -0.025804 -0.181058 0.983134 0.000000 0.000000 0.000000 0.000000 1.000000
0.994736 0.019565 0.100587 0.000000 -0.037740 0.982554 0.182108 10.182400 -0.095269 -0.184946 0.978120 0.000000 0.000000 0.000000 0.000000 1.000000
0.992335 0.061428 0.107228 0.000000 -0.078215 0.983991 0.160135 10.182400 -0.095675 -0.167295 0.981254 0.000000 0.000000 0.000000 0.000000 1.000000
0.987582 0.094865 0.125232 0.000000 -0.112488 0.983437 0.142119 10.182400 -0.109676 -0.154441 0.981896 -0.000000 0.000000 0.000000 0.000000 1.000000
0.979932 0.127453 0.153260 0.000000 -0.148079 0.980169 0.131684 10.182400 -0.133437 -0.151736 0.979373 0.000000 0.000000 0.000000 0.000000 1.000000
0.971148 0.162170 0.174847 0.000000 -0.184676 0.975304 0.121150 10.182400 -0.150882 -0.149944 0.977114 0.000000 0.000000 0.000000 0.000000 1.000000
0.979581 0.129816 0.153520 -0.000000 -0.150098 0.980237 0.128862 10.182400 -0.133757 -0.149274 0.979707 0.000000 0.000000 0.000000 0.000000 1.000000
0.992400 -0.033573 0.118382 0.000000 0.014736 0.987562 0.156538 10.182400 -0.122165 -0.153604 0.980552 0.000000 0.000000 0.000000 0.000000 1.000000
0.993384 -0.040727 0.107379 -0.000000 0.023489 0.987295 0.157155 10.182400 -0.112415 -0.153593 0.981719 0.000000 0.000000 0.000000 0.000000 1.000000
0.994013 -0.037591 0.102590 0.000000 0.021922 0.988475 0.149787 10.182400 -0.107039 -0.146641 0.983381 0.000000 0.000000 0.000000 0.000000 1.000000</float_array>
        <technique_common>
          <accessor source="#mixamorig_Spine-Matrix-animation-output-transform-array" count="18" stride="16">
            <param type="float4x4"/>
          </accessor>
        </technique_common>
      </source>
      <source id="mixamorig_Spine-Interpolations">
        <Name_array id="mixamorig_Spine-Interpolations-array" count="18">
 LINEAR LINEAR LINEAR LINEAR LINEAR LINEAR LINEAR LINEAR LINEAR LINEAR LINEAR
LINEAR LINEAR LINEAR LINEAR LINEAR LINEAR LINEAR</Name_array>
        <technique_common>
          <accessor source="#mixamorig_Spine-Interpolations-array" count="18">
            <param type="name"/>
          </accessor>
        </technique_common>
      </source>
      <sampler id="mixamorig_Spine-Matrix-animation-transform">
        <input semantic="INPUT" source="#mixamorig_Spine-Matrix-animation-input"/>
        <input semantic="OUTPUT" source="#mixamorig_Spine-Matrix-animation-output-transform"/>
        <input semantic="INTERPOLATION" source="#mixamorig_Spine-Interpolations"/>
      </sampler>
      <channel source="#mixamorig_Spine-Matrix-animation-transform" target="mixamorig_Spine/matrix"/>
    </animation>
    <animation id="mixamorig_Spine1-anim" name="mixamorig_Spine1">
      <source id="mixamorig_Spine1-Matrix-animation-input">
        <float_array id="mixamorig_Spine1-Matrix-animation-input-array" count="18">

0.000000 0.033333 0.066667 0.100000 0.133333 0.166667 0.200000 0.233333 0.266667 0.300000 0.333333 0.366667 0.400000 0.433333 0.466667 0.500000
0.533333 0.566667</float_array>
        <technique_common>
          <accessor source="#mixamorig_Spine1-Matrix-animation-input-array" count="18">
            <param name="TIME" type="float"/>
          </accessor>
        </technique_common>
      </source>
      <source id="mixamorig_Spine1-Matrix-animation-output-transform">
        <float_array id="mixamorig_Spine1-Matrix-animation-output-transform-array" count="288">

0.995404 0.091119 0.029459 0.000000 -0.092125 0.995139 0.034806 10.002700 -0.026145 -0.037360 0.998960 0.000000 0.000000 0.000000 0.000000 1.000000
0.995283 0.092351 0.029717 0.000000 -0.093217 0.995217 0.029224 10.002700 -0.026876 -0.031856 0.999131 0.000000 0.000000 0.000000 0.000000 1.000000
0.995271 0.091565 0.032412 0.000000 -0.092435 0.995368 0.026430 10.002700 -0.029842 -0.029301 0.999125 0.000000 0.000000 0.000000 0.000000 1.000000
0.995414 0.090561 0.030833 0.000000 -0.091453 0.995391 0.028867 10.002700 -0.028077 -0.031554 0.999108 -0.000000 0.000000 0.000000 0.000000 1.000000
0.995411 0.091843 0.026854 -0.000000 -0.092692 0.995171 0.032288 10.002700 -0.023759 -0.034629 0.999118 0.000000 0.000000 0.000000 0.000000 1.000000
0.995166 0.094982 0.024955 -0.000000 -0.095800 0.994823 0.033910 10.002700 -0.021605 -0.036137 0.999113 -0.000000 0.000000 0.000000 0.000000 1.000000
0.994852 0.098165 0.025146 0.000000 -0.099069 0.994368 0.037663 10.002700 -0.021307 -0.039960 0.998974 0.000000 0.000000 0.000000 0.000000 1.000000
0.994273 0.102338 0.030796 0.000000 -0.103776 0.993372 0.049416 10.002700 -0.025535 -0.052329 0.998303 0.000000 0.000000 0.000000 0.000000 1.000000
0.993525 0.104353 0.044929 0.000000 -0.107121 0.992159 0.064385 10.002700 -0.037858 -0.068781 0.996913 0.000000 0.000000 0.000000 0.000000 1.000000
0.993767 0.094674 0.058861 -0.000000 -0.098365 0.993132 0.063344 10.002700 -0.052460 -0.068739 0.996254 0.000000 0.000000 0.000000 0.000000 1.000000
0.993739 0.092215 0.063088 0.000000 -0.095200 0.994392 0.046063 10.002700 -0.058486 -0.051780 0.996944 -0.000000 0.000000 0.000000 0.000000 1.000000
0.993643 0.093844 0.062191 -0.000000 -0.096166 0.994734 0.035455 10.002700 -0.058537 -0.041210 0.997434 0.000000 0.000000 0.000000 0.000000 1.000000
0.993075 0.097496 0.065549 0.000000 -0.099896 0.994403 0.034392 10.002700 -0.061829 -0.040702 0.997256 0.000000 0.000000 0.000000 0.000000 1.000000
0.992231 0.103238 0.069430 0.000000 -0.105639 0.993895 0.031833 10.002700 -0.065720 -0.038920 0.997079 0.000000 0.000000 0.000000 0.000000 1.000000
0.992299 0.105308 0.065208 0.000000 -0.107505 0.993717 0.031140 10.002700 -0.061519 -0.037911 0.997386 -0.000000 0.000000 0.000000 0.000000 1.000000
0.994342 0.093327 0.050739 0.000000 -0.095287 0.994736 0.037688 10.002700 -0.046955 -0.042310 0.998001 0.000000 0.000000 0.000000 0.000000 1.000000
0.995104 0.092497 0.034825 0.000000 -0.093870 0.994776 0.040103 10.002700 -0.030934 -0.043175 0.998588 0.000000 0.000000 0.000000 0.000000 1.000000
0.995404 0.091119 0.029459 0.000000 -0.092125 0.995139 0.034806 10.002700 -0.026145 -0.037360 0.998960 0.000000 0.000000 0.000000 0.000000 1.000000</float_array>
        <technique_common>
          <accessor source="#mixamorig_Spine1-Matrix-animation-output-transform-array" count="18" stride="16">
            <param type="float4x4"/>
          </accessor>
        </technique_common>
      </source>
      <source id="mixamorig_Spine1-Interpolations">
        <Name_array id="mixamorig_Spine1-Interpolations-array" count="18">
 LINEAR LINEAR LINEAR LINEAR LINEAR LINEAR LINEAR LINEAR LINEAR LINEAR LINEAR
LINEAR LINEAR LINEAR LINEAR LINEAR LINEAR LINEAR</Name_array>
        <technique_common>
          <accessor source="#mixamorig_Spine1-Interpolations-array" count="18">
            <param type="name"/>
          </accessor>
        </technique_common>
      </source>
      <sampler id="mixamorig_Spine1-Matrix-animation-transform">
        <input semantic="INPUT" source="#mixamorig_Spine1-Matrix-animation-input"/>
        <input semantic="OUTPUT" source="#mixamorig_Spine1-Matrix-animation-output-transform"/>
        <input semantic="INTERPOLATION" source="#mixamorig_Spine1-Interpolations"/>
      </sampler>
      <channel source="#mixamorig_Spine1-Matrix-animation-transform" target="mixamorig_Spine1/matrix"/>
    </animation>
    <animation id="mixamorig_Spine2-anim" name="mixamorig_Spine2">
      <source id="mixamorig_Spine2-Matrix-animation-input">
        <float_array id="mixamorig_Spine2-Matrix-animation-input-array" count="18">

0.000000 0.033333 0.066667 0.100000 0.133333 0.166667 0.200000 0.233333 0.266667 0.300000 0.333333 0.366667 0.400000 0.433333 0.466667 0.500000
0.533333 0.566667</float_array>
        <technique_common>
          <accessor source="#mixamorig_Spine2-Matrix-animation-input-array" count="18">
            <param name="TIME" type="float"/>
          </accessor>
        </technique_common>
      </source>
      <source id="mixamorig_Spine2-Matrix-animation-output-transform">
        <float_array id="mixamorig_Spine2-Matrix-animation-output-transform-array" count="288">

0.992042 -0.047775 -0.116494 -0.000000 0.051276 0.998313 0.027250 9.322100 0.114996 -0.033006 0.992817 0.000000 0.000000 0.000000 0.000000 1.000000
0.992150 -0.046514 -0.116084 0.000000 0.049373 0.998541 0.021877 9.322100 0.114897 -0.027436 0.992998 -0.000000 0.000000 0.000000 0.000000 1.000000
0.992404 -0.047294 -0.113568 0.000000 0.049770 0.998579 0.019073 9.322100 0.112505 -0.024581 0.993347 -0.000000 0.000000 0.000000 0.000000 1.000000
0.992150 -0.048332 -0.115339 -0.000000 0.051118 0.998465 0.021318 9.322100 0.114132 -0.027046 0.993097 0.000000 0.000000 0.000000 0.000000 1.000000
0.991748 -0.047089 -0.119237 0.000000 0.050385 0.998422 0.024778 9.322100 0.117882 -0.030582 0.992557 -0.000000 0.000000 0.000000 0.000000 1.000000
0.991663 -0.043872 -0.121156 0.000000 0.047449 0.998514 0.026797 9.322100 0.119801 -0.032322 0.992272 0.000000 0.000000 0.000000 0.000000 1.000000
0.991784 -0.040561 -0.121323 0.000000 0.044635 0.998521 0.031050 9.322100 0.119884 -0.036210 0.992127 -0.000000 0.000000 0.000000 0.000000 1.000000
0.992488 -0.036335 -0.116826 -0.000000 0.041681 0.998177 0.043646 9.322100 0.115027 -0.048188 0.992193 0.000000 0.000000 0.000000 0.000000 1.000000
0.994029 -0.034313 -0.103582 -0.000000 0.040590 0.997426 0.059106 9.322100 0.101288 -0.062957 0.992863 0.000000 0.000000 0.000000 0.000000 1.000000
0.995015 -0.044107 -0.089440 0.000000 0.049302 0.997172 0.056725 9.322100 0.086685 -0.060852 0.994376 -0.000000 0.000000 0.000000 0.000000 1.000000
0.995305 -0.046812 -0.084720 -0.000000 0.050238 0.997985 0.038765 9.322100 0.082734 -0.042839 0.995650 -0.000000 0.000000 0.000000 0.000000 1.000000
0.995357 -0.045293 -0.084924 -0.000000 0.047830 0.998461 0.028080 9.322100 0.083521 -0.032011 0.995992 0.000000 0.000000 0.000000 0.000000 1.000000
0.995848 -0.041694 -0.080917 0.000000 0.044028 0.998658 0.027281 9.322100 0.079671 -0.030730 0.996347 0.000000 0.000000 0.000000 0.000000 1.000000
0.996402 -0.036019 -0.076719 0.000000 0.038064 0.998953 0.025361 9.322100 0.075726 -0.028190 0.996730 0.000000 0.000000 0.000000 0.000000 1.000000
0.996130 -0.033880 -0.081095 -0.000000 0.036044 0.999028 0.025374 9.322100 0.080156 -0.028198 0.996383 0.000000 0.000000 0.000000 0.000000 1.000000
0.994338 -0.045600 -0.095984 0.000000 0.048773 0.998330 0.030967 9.322100 0.094412 -0.035474 0.994901 0.000000 0.000000 0.000000 0.000000 1.000000
0.992674 -0.046385 -0.111566 0.000000 0.050340 0.998190 0.032891 9.322100 0.109839 -0.038266 0.993213 0.000000 0.000000 0.000000 0.000000 1.000000
0.992042 -0.047775 -0.116494 0.000000 0.051276 0.998313 0.027250 9.322100 0.114996 -0.033006 0.992817 0.000000 0.000000 0.000000 0.000000 1.000000</float_array>
        <technique_common>
          <accessor source="#mixamorig_Spine2-Matrix-animation-output-transform-array" count="18" stride="16">
            <param type="float4x4"/>
          </accessor>
        </technique_common>
      </source>
      <source id="mixamorig_Spine2-Interpolations">
        <Name_array id="mixamorig_Spine2-Interpolations-array" count="18">
 LINEAR LINEAR LINEAR LINEAR LINEAR LINEAR LINEAR LINEAR LINEAR LINEAR LINEAR
LINEAR LINEAR LINEAR LINEAR LINEAR LINEAR LINEAR</Name_array>
        <technique_common>
          <accessor source="#mixamorig_Spine2-Interpolations-array" count="18">
            <param type="name"/>
          </accessor>
        </technique_common>
      </source>
      <sampler id="mixamorig_Spine2-Matrix-animation-transform">
        <input semantic="INPUT" source="#mixamorig_Spine2-Matrix-animation-input"/>
        <input semantic="OUTPUT" source="#mixamorig_Spine2-Matrix-animation-output-transform"/>
        <input semantic="INTERPOLATION" source="#mixamorig_Spine2-Interpolations"/>
      </sampler>
      <channel source="#mixamorig_Spine2-Matrix-animation-transform" target="mixamorig_Spine2/matrix"/>
    </animation>
    <animation id="mixamorig_Neck-anim" name="mixamorig_Neck">
      <source id="mixamorig_Neck-Matrix-animation-input">
        <float_array id="mixamorig_Neck-Matrix-animation-input-array" count="18">

0.000000 0.033333 0.066667 0.100000 0.133333 0.166667 0.200000 0.233333 0.266667 0.300000 0.333333 0.366667 0.400000 0.433333 0.466667 0.500000
0.533333 0.566667</float_array>
        <technique_common>
          <accessor source="#mixamorig_Neck-Matrix-animation-input-array" count="18">
            <param name="TIME" type="float"/>
          </accessor>
        </technique_common>
      </source>
      <source id="mixamorig_Neck-Matrix-animation-output-transform">
        <float_array id="mixamorig_Neck-Matrix-animation-output-transform-array" count="288">

0.989933 0.061734 0.127366 0.000000 -0.034255 0.977614 -0.207601 16.865299 -0.137331 0.201148 0.969886 0.000000 0.000000 0.000000 0.000000 1.000000
0.989806 0.061066 0.128669 -0.000000 -0.034065 0.978702 -0.202439 16.865299 -0.138291 0.195992 0.970805 0.000000 0.000000 0.000000 0.000000 1.000000
0.989205 0.063742 0.131950 0.000000 -0.036403 0.979104 -0.200075 16.865299 -0.141946 0.193111 0.970855 -0.000000 0.000000 0.000000 0.000000 1.000000
0.988581 0.060572 0.137982 0.000000 -0.032461 0.979758 -0.197534 16.865299 -0.147154 0.190799 0.970537 0.000000 0.000000 0.000000 0.000000 1.000000
0.988196 0.048838 0.145199 0.000000 -0.019465 0.980168 -0.197208 16.865299 -0.151950 0.192054 0.969550 0.000000 0.000000 0.000000 0.000000 1.000000
0.987879 0.032269 0.151837 -0.000000 -0.001593 0.980211 -0.197951 16.865299 -0.155220 0.195310 0.968381 -0.000000 0.000000 0.000000 0.000000 1.000000
0.987664 0.017096 0.155653 0.000000 0.014172 0.980183 -0.197584 16.865299 -0.155947 0.197353 0.967849 -0.000000 0.000000 0.000000 0.000000 1.000000
0.987768 -0.000668 0.155929 0.000000 0.032833 0.978462 -0.203797 16.865299 -0.152434 0.206424 0.966516 0.000000 0.000000 0.000000 0.000000 1.000000
0.988208 -0.009993 0.152788 -0.000000 0.043132 0.975626 -0.215158 16.865299 -0.146914 0.219211 0.964553 0.000000 0.000000 0.000000 0.000000 1.000000
0.989182 0.000399 0.146692 -0.000000 0.031879 0.975512 -0.217622 16.865299 -0.143186 0.219944 0.964947 0.000000 0.000000 0.000000 0.000000 1.000000
0.989786 0.006389 0.142417 -0.000000 0.024560 0.976417 -0.214492 16.865299 -0.140428 0.215799 0.966287 0.000000 0.000000 0.000000 0.000000 1.000000
0.990314 0.013099 0.138227 -0.000000 0.018393 0.974390 -0.224112 16.865299 -0.137622 0.224483 0.964711 0.000000 0.000000 0.000000 0.000000 1.000000
0.990897 0.021249 0.132936 0.000000 0.011227 0.970981 -0.238894 16.865299 -0.134154 0.238212 0.961903 0.000000 0.000000 0.000000 0.000000 1.000000
0.991297 0.026929 0.128862 0.000000 0.004878 0.970670 -0.240368 16.865299 -0.131555 0.238904 0.962090 -0.000000 0.000000 0.000000 0.000000 1.000000
0.991442 0.030075 0.127037 0.000000 -0.000141 0.973349 -0.229327 16.865299 -0.130549 0.227347 0.965024 0.000000 0.000000 0.000000 0.000000 1.000000
0.991095 0.041185 0.126626 0.000000 -0.012356 0.975307 -0.220506 16.865299 -0.132581 0.216978 0.967131 0.000000 0.000000 0.000000 0.000000 1.000000
0.990452 0.054344 0.126698 0.000000 -0.025942 0.976078 -0.215869 16.865299 -0.135398 0.210521 0.968168 0.000000 0.000000 0.000000 0.000000 1.000000
0.989933 0.061734 0.127366 0.000000 -0.034255 0.977614 -0.207601 16.865299 -0.137331 0.201148 0.969886 0.000000 0.000000 0.000000 0.000000 1.000000</float_array>
        <technique_common>
          <accessor source="#mixamorig_Neck-Matrix-animation-output-transform-array" count="18" stride="16">
            <param type="float4x4"/>
          </accessor>
        </technique_common>
      </source>
      <source id="mixamorig_Neck-Interpolations">
        <Name_array id="mixamorig_Neck-Interpolations-array" count="18">
 LINEAR LINEAR LINEAR LINEAR LINEAR LINEAR LINEAR LINEAR LINEAR LINEAR LINEAR
LINEAR LINEAR LINEAR LINEAR LINEAR LINEAR LINEAR</Name_array>
        <technique_common>
          <accessor source="#mixamorig_Neck-Interpolations-array" count="18">
            <param type="name"/>
          </accessor>
        </technique_common>
      </source>
      <sampler id="mixamorig_Neck-Matrix-animation-transform">
        <input semantic="INPUT" source="#mixamorig_Neck-Matrix-animation-input"/>
        <input semantic="OUTPUT" source="#mixamorig_Neck-Matrix-animation-output-transform"/>
        <input semantic="INTERPOLATION" source="#mixamorig_Neck-Interpolations"/>
      </sampler>
      <channel source="#mixamorig_Neck-Matrix-animation-transform" target="mixamorig_Neck/matrix"/>
    </animation>
    <animation id="mixamorig_Head-anim" name="mixamorig_Head">
      <source id="mixamorig_Head-Matrix-animation-input">
        <float_array id="mixamorig_Head-Matrix-animation-input-array" count="18">

0.000000 0.033333 0.066667 0.100000 0.133333 0.166667 0.200000 0.233333 0.266667 0.300000 0.333333 0.366667 0.400000 0.433333 0.466667 0.500000
0.533333 0.566667</float_array>
        <technique_common>
          <accessor source="#mixamorig_Head-Matrix-animation-input-array" count="18">
            <param name="TIME" type="float"/>
          </accessor>
        </technique_common>
      </source>
      <source id="mixamorig_Head-Matrix-animation-output-transform">
        <float_array id="mixamorig_Head-Matrix-animation-output-transform-array" count="288">

0.929854 -0.175097 0.323593 -0.000000 0.179140 0.983668 0.017503 9.341900 -0.321373 0.041693 0.946034 2.841000 0.000000 0.000000 0.000000 1.000000
0.927690 -0.176379 0.329062 0.000000 0.176755 0.983827 0.029029 9.341900 -0.328860 0.031233 0.943862 2.841000 0.000000 0.000000 0.000000 1.000000
0.923462 -0.171683 0.343137 0.000000 0.176564 0.984139 0.017223 9.341900 -0.340651 0.044681 0.939127 2.841000 0.000000 0.000000 0.000000 1.000000
0.913255 -0.169869 0.370283 0.000000 0.184836 0.982757 -0.005029 9.341900 -0.363043 0.073034 0.928906 2.841000 0.000000 0.000000 0.000000 1.000000
0.896237 -0.177724 0.406415 -0.000000 0.204513 0.978592 -0.023063 9.341900 -0.393616 0.103787 0.913397 2.841000 0.000000 0.000000 0.000000 1.000000
0.876772 -0.185937 0.443507 -0.000000 0.221705 0.974662 -0.029670 9.341900 -0.426753 0.124341 0.895780 2.841000 0.000000 0.000000 0.000000 1.000000
0.864410 -0.183722 0.468019 -0.000000 0.226285 0.973402 -0.035828 9.341900 -0.448988 0.136876 0.882992 2.841000 0.000000 0.000000 0.000000 1.000000
0.859827 -0.185528 0.475686 0.000000 0.233521 0.971390 -0.043237 9.341900 -0.454055 0.148259 0.878552 2.841000 0.000000 0.000000 0.000000 1.000000
0.861453 -0.195831 0.468560 -0.000000 0.246706 0.967847 -0.049069 9.341900 -0.443885 0.157867 0.882068 2.841000 0.000000 0.000000 0.000000 1.000000
0.870579 -0.190188 0.453784 -0.000000 0.237291 0.970222 -0.048604 9.341900 -0.431027 0.149992 0.889785 2.841000 0.000000 0.000000 0.000000 1.000000
0.877987 -0.182901 0.442364 0.000000 0.222134 0.974273 -0.038059 9.341900 -0.424022 0.131679 0.896028 2.841000 0.000000 0.000000 0.000000 1.000000
0.887200 -0.178857 0.425308 0.000000 0.213462 0.976335 -0.034702 9.341900 -0.409036 0.121574 0.904383 2.841000 0.000000 0.000000 0.000000 1.000000
0.897676 -0.179341 0.402509 0.000000 0.212090 0.976515 -0.037909 9.341900 -0.386258 0.119399 0.914631 2.841000 0.000000 0.000000 0.000000 1.000000
0.905451 -0.186349 0.381355 -0.000000 0.214967 0.976048 -0.033448 9.341900 -0.365988 0.112264 0.923823 2.841000 0.000000 0.000000 0.000000 1.000000
0.911309 -0.197245 0.361401 -0.000000 0.216716 0.976138 -0.013717 9.341900 -0.350072 0.090822 0.932309 2.841000 0.000000 0.000000 0.000000 1.000000
0.919510 -0.197094 0.340081 -0.000000 0.208406 0.978037 0.003335 9.341900 -0.333269 0.067808 0.940390 2.841000 0.000000 0.000000 0.000000 1.000000
0.927559 -0.186215 0.323973 0.000000 0.193390 0.981069 0.010215 9.341900 -0.319742 0.053178 0.946011 2.841000 0.000000 0.000000 0.000000 1.000000
0.929854 -0.175097 0.323593 0.000000 0.179140 0.983668 0.017503 9.341900 -0.321373 0.041694 0.946034 2.841000 0.000000 0.000000 0.000000 1.000000</float_array>
        <technique_common>
          <accessor source="#mixamorig_Head-Matrix-animation-output-transform-array" count="18" stride="16">
            <param type="float4x4"/>
          </accessor>
        </technique_common>
      </source>
      <source id="mixamorig_Head-Interpolations">
        <Name_array id="mixamorig_Head-Interpolations-array" count="18">
 LINEAR LINEAR LINEAR LINEAR LINEAR LINEAR LINEAR LINEAR LINEAR LINEAR LINEAR
LINEAR LINEAR LINEAR LINEAR LINEAR LINEAR LINEAR</Name_array>
        <technique_common>
          <accessor source="#mixamorig_Head-Interpolations-array" count="18">
            <param type="name"/>
          </accessor>
        </technique_common>
      </source>
      <sampler id="mixamorig_Head-Matrix-animation-transform">
        <input semantic="INPUT" source="#mixamorig_Head-Matrix-animation-input"/>
        <input semantic="OUTPUT" source="#mixamorig_Head-Matrix-animation-output-transform"/>
        <input semantic="INTERPOLATION" source="#mixamorig_Head-Interpolations"/>
      </sampler>
      <channel source="#mixamorig_Head-Matrix-animation-transform" target="mixamorig_Head/matrix"/>
    </animation>
    <animation id="mixamorig_RightShoulder-anim" name="mixamorig_RightShoulder">
      <source id="mixamorig_RightShoulder-Matrix-animation-input">
        <float_array id="mixamorig_RightShoulder-Matrix-animation-input-array" count="18">

0.000000 0.033333 0.066667 0.100000 0.133333 0.166667 0.200000 0.233333 0.266667 0.300000 0.333333 0.366667 0.400000 0.433333 0.466667 0.500000
0.533333 0.566667</float_array>
        <technique_common>
          <accessor source="#mixamorig_RightShoulder-Matrix-animation-input-array" count="18">
            <param name="TIME" type="float"/>
          </accessor>
        </technique_common>
      </source>
      <source id="mixamorig_RightShoulder-Matrix-animation-output-transform">
        <float_array id="mixamorig_RightShoulder-Matrix-animation-output-transform-array" count="288">

-0.169594 -0.985106 -0.028370 -4.570000 0.138780 0.004628 -0.990312 11.195800 0.975694 -0.171888 0.135928 -0.806600 0.000000 0.000000 0.000000 1.000000
-0.156421 -0.986470 -0.049094 -4.570000 0.144605 0.026297 -0.989140 11.195800 0.977048 -0.161821 0.138535 -0.806600 0.000000 0.000000 0.000000 1.000000
-0.145666 -0.987238 -0.064359 -4.570000 0.148570 0.042486 -0.987989 11.195800 0.978115 -0.153478 0.140485 -0.806600 0.000000 0.000000 0.000000 1.000000
-0.151461 -0.986458 -0.062927 -4.570000 0.148901 0.040166 -0.988036 11.195800 0.977184 -0.159019 0.140801 -0.806600 0.000000 0.000000 0.000000 1.000000
-0.163433 -0.985734 -0.040225 -4.570000 0.142395 0.016777 -0.989668 11.195800 0.976224 -0.167472 0.137621 -0.806600 0.000000 0.000000 0.000000 1.000000
-0.169128 -0.985583 -0.004665 -4.570000 0.130311 -0.017670 -0.991316 11.195800 0.976942 -0.168267 0.131421 -0.806600 0.000000 0.000000 0.000000 1.000000
-0.177255 -0.983632 0.032374 -4.570000 0.117836 -0.053870 -0.991571 11.195800 0.977085 -0.171946 0.125456 -0.806600 0.000000 0.000000 0.000000 1.000000
-0.192456 -0.979445 0.060401 -4.570000 0.108972 -0.082502 -0.990615 11.195800 0.975236 -0.184068 0.122610 -0.806600 0.000000 0.000000 0.000000 1.000000
-0.201963 -0.977352 0.063202 -4.570000 0.108707 -0.086503 -0.990303 11.195800 0.973342 -0.193134 0.123715 -0.806600 0.000000 0.000000 0.000000 1.000000
-0.195013 -0.980126 0.036365 -4.570000 0.118103 -0.060274 -0.991170 11.195800 0.973664 -0.188997 0.127510 -0.806600 0.000000 0.000000 0.000000 1.000000
-0.179551 -0.983706 0.009194 -4.570000 0.126586 -0.032371 -0.991427 11.195800 0.975570 -0.176848 0.130336 -0.806600 0.000000 0.000000 0.000000 1.000000
-0.173152 -0.984893 0.001910 -4.570000 0.128574 -0.024527 -0.991397 11.195800 0.976467 -0.171417 0.130879 -0.806600 0.000000 0.000000 0.000000 1.000000
-0.174817 -0.984597 0.002639 -4.570000 0.128499 -0.025472 -0.991383 11.195800 0.976180 -0.172971 0.130972 -0.806600 0.000000 0.000000 0.000000 1.000000
-0.174531 -0.984640 0.004864 -4.570000 0.127698 -0.027533 -0.991431 11.195800 0.976336 -0.172414 0.130542 -0.806600 0.000000 0.000000 0.000000 1.000000
-0.177111 -0.984160 0.007766 -4.570000 0.126931 -0.030666 -0.991437 11.195800 0.975971 -0.174609 0.130352 -0.806600 0.000000 0.000000 0.000000 1.000000
-0.184982 -0.982739 0.002471 -4.570000 0.129541 -0.026876 -0.991210 11.195800 0.974167 -0.183036 0.132277 -0.806600 0.000000 0.000000 0.000000 1.000000
-0.187898 -0.982119 -0.011649 -4.570000 0.134820 -0.014042 -0.990771 11.195800 0.972891 -0.187735 0.135048 -0.806600 0.000000 0.000000 0.000000 1.000000
-0.169594 -0.985106 -0.028370 -4.570000 0.138780 0.004628 -0.990312 11.195800 0.975694 -0.171888 0.135928 -0.806600 0.000000 0.000000 0.000000 1.000000</float_array>
        <technique_common>
          <accessor source="#mixamorig_RightShoulder-Matrix-animation-output-transform-array" count="18" stride="16">
            <param type="float4x4"/>
          </accessor>
        </technique_common>
      </source>
      <source id="mixamorig_RightShoulder-Interpolations">
        <Name_array id="mixamorig_RightShoulder-Interpolations-array" count="18">
 LINEAR LINEAR LINEAR LINEAR LINEAR LINEAR LINEAR LINEAR LINEAR LINEAR LINEAR
LINEAR LINEAR LINEAR LINEAR LINEAR LINEAR LINEAR</Name_array>
        <technique_common>
          <accessor source="#mixamorig_RightShoulder-Interpolations-array" count="18">
            <param type="name"/>
          </accessor>
        </technique_common>
      </source>
      <sampler id="mixamorig_RightShoulder-Matrix-animation-transform">
        <input semantic="INPUT" source="#mixamorig_RightShoulder-Matrix-animation-input"/>
        <input semantic="OUTPUT" source="#mixamorig_RightShoulder-Matrix-animation-output-transform"/>
        <input semantic="INTERPOLATION" source="#mixamorig_RightShoulder-Interpolations"/>
      </sampler>
      <channel source="#mixamorig_RightShoulder-Matrix-animation-transform" target="mixamorig_RightShoulder/matrix"/>
    </animation>
    <animation id="mixamorig_RightArm-anim" name="mixamorig_RightArm">
      <source id="mixamorig_RightArm-Matrix-animation-input">
        <float_array id="mixamorig_RightArm-Matrix-animation-input-array" count="18">

0.000000 0.033333 0.066667 0.100000 0.133333 0.166667 0.200000 0.233333 0.266667 0.300000 0.333333 0.366667 0.400000 0.433333 0.466667 0.500000
0.533333 0.566667</float_array>
        <technique_common>
          <accessor source="#mixamorig_RightArm-Matrix-animation-input-array" count="18">
            <param name="TIME" type="float"/>
          </accessor>
        </technique_common>
      </source>
      <source id="mixamorig_RightArm-Matrix-animation-output-transform">
        <float_array id="mixamorig_RightArm-Matrix-animation-output-transform-array" count="288">

-0.368748 0.766905 -0.525244 0.000000 -0.628586 -0.622008 -0.466890 10.838200 -0.684766 0.157995 0.711430 0.000000 0.000000 0.000000 0.000000 1.000000
-0.383824 0.757625 -0.527904 0.000000 -0.609375 -0.637352 -0.471641 10.838200 -0.693788 0.140664 0.706309 -0.000000 0.000000 0.000000 0.000000 1.000000
-0.386149 0.754899 -0.530110 0.000000 -0.610415 -0.639980 -0.466712 10.838200 -0.691580 0.143367 0.707929 0.000000 0.000000 0.000000 0.000000 1.000000
-0.374427 0.753407 -0.540539 0.000000 -0.628519 -0.634807 -0.449427 10.838200 -0.681739 0.171461 0.711219 0.000000 0.000000 0.000000 0.000000 1.000000
-0.345439 0.754656 -0.557823 -0.000000 -0.656079 -0.619217 -0.431428 10.838200 -0.670993 0.216943 0.709016 0.000000 0.000000 0.000000 0.000000 1.000000
-0.298169 0.758474 -0.579494 0.000000 -0.688588 -0.591355 -0.419697 10.838200 -0.661016 0.273892 0.698599 0.000000 0.000000 0.000000 0.000000 1.000000
-0.256993 0.757730 -0.599833 0.000000 -0.719167 -0.564562 -0.405053 10.838200 -0.645564 0.327284 0.690023 0.000000 0.000000 0.000000 0.000000 1.000000
-0.226759 0.748705 -0.622913 0.000000 -0.735806 -0.550720 -0.394078 10.838200 -0.638099 0.368982 0.675783 -0.000000 0.000000 0.000000 0.000000 1.000000
-0.214137 0.744099 -0.632821 -0.000000 -0.729092 -0.552893 -0.403403 10.838200 -0.650054 0.375001 0.660912 0.000000 0.000000 0.000000 0.000000 1.000000
-0.222109 0.758202 -0.613023 0.000000 -0.715148 -0.554044 -0.426145 10.838200 -0.662745 0.343751 0.665285 0.000000 0.000000 0.000000 0.000000 1.000000
-0.235772 0.782659 -0.576070 -0.000000 -0.696311 -0.549563 -0.461662 10.838200 -0.677911 0.292277 0.674545 0.000000 0.000000 0.000000 0.000000 1.000000
-0.251354 0.797277 -0.548790 -0.000000 -0.679188 -0.549245 -0.486861 10.838200 -0.689583 0.250357 0.679556 -0.000000 0.000000 0.000000 0.000000 1.000000
-0.253435 0.800679 -0.542849 -0.000000 -0.660761 -0.553141 -0.507376 10.838200 -0.706517 0.230106 0.669242 0.000000 0.000000 0.000000 0.000000 1.000000
-0.252303 0.804428 -0.537809 0.000000 -0.649869 -0.552659 -0.521765 10.838200 -0.716948 0.217863 0.662210 0.000000 0.000000 0.000000 0.000000 1.000000
-0.266404 0.799317 -0.538629 -0.000000 -0.652196 -0.560954 -0.509874 10.838200 -0.709697 0.215459 0.670752 -0.000000 0.000000 0.000000 0.000000 1.000000
-0.306626 0.777002 -0.549771 0.000000 -0.650880 -0.592607 -0.474524 10.838200 -0.694504 0.212334 0.687444 -0.000000 0.000000 0.000000 0.000000 1.000000
-0.350765 0.761950 -0.544422 0.000000 -0.633675 -0.621169 -0.461091 10.838200 -0.689506 0.183252 0.700714 0.000000 0.000000 0.000000 0.000000 1.000000
-0.368749 0.766905 -0.525244 0.000000 -0.628585 -0.622008 -0.466890 10.838200 -0.684766 0.157995 0.711430 0.000000 0.000000 0.000000 0.000000 1.000000</float_array>
        <technique_common>
          <accessor source="#mixamorig_RightArm-Matrix-animation-output-transform-array" count="18" stride="16">
            <param type="float4x4"/>
          </accessor>
        </technique_common>
      </source>
      <source id="mixamorig_RightArm-Interpolations">
        <Name_array id="mixamorig_RightArm-Interpolations-array" count="18">
 LINEAR LINEAR LINEAR LINEAR LINEAR LINEAR LINEAR LINEAR LINEAR LINEAR LINEAR
LINEAR LINEAR LINEAR LINEAR LINEAR LINEAR LINEAR</Name_array>
        <technique_common>
          <accessor source="#mixamorig_RightArm-Interpolations-array" count="18">
            <param type="name"/>
          </accessor>
        </technique_common>
      </source>
      <sampler id="mixamorig_RightArm-Matrix-animation-transform">
        <input semantic="INPUT" source="#mixamorig_RightArm-Matrix-animation-input"/>
        <input semantic="OUTPUT" source="#mixamorig_RightArm-Matrix-animation-output-transform"/>
        <input semantic="INTERPOLATION" source="#mixamorig_RightArm-Interpolations"/>
      </sampler>
      <channel source="#mixamorig_RightArm-Matrix-animation-transform" target="mixamorig_RightArm/matrix"/>
    </animation>
    <animation id="mixamorig_RightForeArm-anim" name="mixamorig_RightForeArm">
      <source id="mixamorig_RightForeArm-Matrix-animation-input">
        <float_array id="mixamorig_RightForeArm-Matrix-animation-input-array" count="18">

0.000000 0.033333 0.066667 0.100000 0.133333 0.166667 0.200000 0.233333 0.266667 0.300000 0.333333 0.366667 0.400000 0.433333 0.466667 0.500000
0.533333 0.566667</float_array>
        <technique_common>
          <accessor source="#mixamorig_RightForeArm-Matrix-animation-input-array" count="18">
            <param name="TIME" type="float"/>
          </accessor>
        </technique_common>
      </source>
      <source id="mixamorig_RightForeArm-Matrix-animation-output-transform">
        <float_array id="mixamorig_RightForeArm-Matrix-animation-output-transform-array" count="288">

0.876660 0.481110 0.000000 -0.000000 -0.481110 0.876660 -0.000000 27.841499 -0.000000 0.000000 1.000000 0.000000 0.000000 0.000000 0.000000 1.000000
0.885437 0.464759 -0.000000 -0.000000 -0.464759 0.885437 -0.000000 27.841499 0.000000 0.000000 1.000000 0.000000 0.000000 0.000000 0.000000 1.000000
0.875222 0.483721 -0.000000 -0.000000 -0.483721 0.875222 0.000000 27.841499 0.000000 -0.000000 1.000000 0.000000 0.000000 0.000000 0.000000 1.000000
0.843937 0.536443 -0.000000 0.000000 -0.536443 0.843937 0.000000 27.841499 0.000000 -0.000000 1.000000 0.000000 0.000000 0.000000 0.000000 1.000000
0.792992 0.609232 -0.000000 -0.000000 -0.609232 0.792992 -0.000000 27.841499 0.000000 0.000000 1.000000 0.000000 0.000000 0.000000 0.000000 1.000000
0.720222 0.693744 0.000000 -0.000000 -0.693744 0.720222 -0.000000 27.841499 -0.000000 0.000000 1.000000 0.000000 0.000000 0.000000 0.000000 1.000000
0.649147 0.760663 -0.000000 0.000000 -0.760663 0.649147 -0.000000 27.841499 -0.000000 0.000000 1.000000 0.000000 0.000000 0.000000 0.000000 1.000000
0.608523 0.793536 -0.000000 -0.000000 -0.793536 0.608523 -0.000000 27.841499 0.000000 0.000000 1.000000 0.000000 0.000000 0.000000 0.000000 1.000000
0.609899 0.792479 0.000000 0.000000 -0.792479 0.609899 -0.000000 27.841499 -0.000000 -0.000000 1.000000 -0.000000 0.000000 0.000000 0.000000 1.000000
