<?xml version="1.0" encoding="utf-8"?>
<COLLADA xmlns="http://www.collada.org/2005/11/COLLADASchema" version="1.4.1">
  <asset>
    <contributor>
      <author>Mixamo</author>
      <authoring_tool>COLLADA Mixamo exporter</authoring_tool>
      <comments/>
    </contributor>
    <created>2024-04-17T20:29:06Z</created>
    <modified>2024-04-17T20:29:06Z</modified>
    <revision/>
    <title/>
    <unit meter="0.010000"/>
    <up_axis>Y_UP</up_axis>
  </asset>
  <library_animations>
    <animation id="mixamorig_Hips-anim" name="mixamorig_Hips">
      <source id="mixamorig_Hips-Matrix-animation-input">
        <float_array id="mixamorig_Hips-Matrix-animation-input-array" count="41">

0.000000 0.033333 0.066667 0.100000 0.133333 0.166667 0.200000 0.233333 0.266667 0.300000 0.333333 0.366667 0.400000 0.433333 0.466667 0.500000
0.533333 0.566667 0.600000 0.633333 0.666667 0.700000 0.733333 0.766667 0.800000 0.833333 0.866667 0.900000 0.933333 0.966667 1.000000 1.033333
1.066667 1.100000 1.133333 1.166667 1.200000 1.233333 1.266667 1.300000 1.333333</float_array>
        <technique_common>
          <accessor source="#mixamorig_Hips-Matrix-animation-input-array" count="41">
            <param name="TIME" type="float"/>
          </accessor>
        </technique_common>
      </source>
      <source id="mixamorig_Hips-Matrix-animation-output-transform">
        <float_array id="mixamorig_Hips-Matrix-animation-output-transform-array" count="656">

0.584078 0.036479 -0.810878 -1.156190 -0.116443 0.992422 -0.039228 98.938919 0.803302 0.117333 0.583900 1.529403 0.000000 0.000000 0.000000 1.000000
0.583728 0.036915 -0.811110 -1.147186 -0.116956 0.992371 -0.039004 98.867355 0.803482 0.117632 0.583592 1.510814 0.000000 0.000000 0.000000 1.000000
0.583735 0.037258 -0.811089 -1.134776 -0.117156 0.992358 -0.038731 98.809219 0.803448 0.117632 0.583639 1.487604 0.000000 0.000000 0.000000 1.000000
0.584062 0.037549 -0.810840 -1.120505 -0.117334 0.992343 -0.038564 98.763855 0.803184 0.117663 0.583996 1.463445 0.000000 0.000000 0.000000 1.000000
0.584260 0.037692 -0.810691 -1.105178 -0.117502 0.992324 -0.038546 98.723282 0.803015 0.117778 0.584204 1.439507 0.000000 0.000000 0.000000 1.000000
0.583910 0.037604 -0.810947 -1.087383 -0.117445 0.992331 -0.038550 98.683167 0.803278 0.117751 0.583848 1.413267 0.000000 0.000000 0.000000 1.000000
0.583223 0.037513 -0.811445 -1.069635 -0.117312 0.992351 -0.038441 98.645142 0.803796 0.117612 0.583163 1.385160 0.000000 0.000000 0.000000 1.000000
0.582702 0.037652 -0.811813 -1.058610 -0.117336 0.992357 -0.038196 98.610268 0.804171 0.117512 0.582667 1.358755 0.000000 0.000000 0.000000 1.000000
0.582361 0.037973 -0.812043 -1.057210 -0.117495 0.992352 -0.037858 98.576012 0.804395 0.117458 0.582368 1.334441 0.000000 0.000000 0.000000 1.000000
0.581949 0.038417 -0.812317 -1.061746 -0.117751 0.992338 -0.037427 98.540794 0.804655 0.117432 0.582014 1.309296 0.000000 0.000000 0.000000 1.000000
0.581614 0.038916 -0.812533 -1.065785 -0.118171 0.992301 -0.037062 98.505997 0.804836 0.117574 0.581735 1.280953 0.000000 0.000000 0.000000 1.000000
0.581612 0.039193 -0.812522 -1.068438 -0.118686 0.992239 -0.037095 98.476410 0.804762 0.118010 0.581749 1.247611 0.000000 0.000000 0.000000 1.000000
0.581755 0.039248 -0.812416 -1.076930 -0.119109 0.992178 -0.037359 98.458511 0.804595 0.118499 0.581880 1.209528 0.000000 0.000000 0.000000 1.000000
0.581706 0.039419 -0.812443 -1.092847 -0.119493 0.992130 -0.037419 98.453613 0.804574 0.118848 0.581838 1.171658 0.000000 0.000000 0.000000 1.000000
0.581395 0.039777 -0.812649 -1.107623 -0.120068 0.992063 -0.037341 98.455025 0.804714 0.119283 0.581556 1.139624 0.000000 0.000000 0.000000 1.000000
0.580971 0.040206 -0.812931 -1.118796 -0.120868 0.991967 -0.037319 98.455383 0.804900 0.119939 0.581164 1.113595 0.000000 0.000000 0.000000 1.000000
0.580646 0.040526 -0.813147 -1.132819 -0.121645 0.991868 -0.037430 98.453094 0.805017 0.120649 0.580854 1.090667 0.000000 0.000000 0.000000 1.000000
0.580582 0.040639 -0.813187 -1.151226 -0.122176 0.991794 -0.037664 98.454163 0.804983 0.121219 0.580782 1.072142 0.000000 0.000000 0.000000 1.000000
0.580865 0.040677 -0.812983 -1.170241 -0.122480 0.991748 -0.037889 98.468674 0.804733 0.121582 0.581053 1.060971 0.000000 0.000000 0.000000 1.000000
0.581460 0.040664 -0.812558 -1.187462 -0.122563 0.991730 -0.038074 98.501595 0.804290 0.121728 0.581635 1.059697 0.000000 0.000000 0.000000 1.000000
0.582119 0.040494 -0.812095 -1.203809 -0.122349 0.991750 -0.038249 98.548645 0.803846 0.121625 0.582271 1.070292 0.000000 0.000000 0.000000 1.000000
0.582624 0.040180 -0.811748 -1.220849 -0.121839 0.991808 -0.038356 98.601158 0.803557 0.121250 0.582747 1.089497 0.000000 0.000000 0.000000 1.000000
0.583116 0.039973 -0.811405 -1.238791 -0.121170 0.991896 -0.038215 98.653008 0.803301 0.120602 0.583234 1.112591 0.000000 0.000000 0.000000 1.000000
0.583857 0.040000 -0.810870 -1.257242 -0.120504 0.991992 -0.037832 98.704704 0.802863 0.119802 0.584002 1.139472 0.000000 0.000000 0.000000 1.000000
0.584835 0.040090 -0.810161 -1.275251 -0.119946 0.992072 -0.037493 98.759048 0.802235 0.119103 0.585007 1.172309 0.000000 0.000000 0.000000 1.000000
0.585860 0.040086 -0.809421 -1.292806 -0.119487 0.992133 -0.037350 98.811707 0.801556 0.118597 0.586040 1.209894 0.000000 0.000000 0.000000 1.000000
0.586752 0.039972 -0.808780 -1.313384 -0.118962 0.992199 -0.037268 98.858452 0.800981 0.118081 0.586930 1.249448 0.000000 0.000000 0.000000 1.000000
0.587365 0.039723 -0.808347 -1.338511 -0.118272 0.992285 -0.037178 98.909668 0.800634 0.117441 0.587531 1.291000 0.000000 0.000000 0.000000 1.000000
0.587544 0.039416 -0.808231 -1.361220 -0.117706 0.992353 -0.037171 98.968071 0.800585 0.116973 0.587691 1.335829 0.000000 0.000000 0.000000 1.000000
0.587313 0.039109 -0.808415 -1.376013 -0.117285 0.992401 -0.037197 99.025002 0.800817 0.116661 0.587437 1.376923 0.000000 0.000000 0.000000 1.000000
0.586878 0.038746 -0.808748 -1.384188 -0.116786 0.992460 -0.037200 99.077698 0.801209 0.116282 0.586978 1.409894 0.000000 0.000000 0.000000 1.000000
0.586447 0.038124 -0.809090 -1.389441 -0.116095 0.992534 -0.037381 99.132401 0.801625 0.115853 0.586495 1.433222 0.000000 0.000000 0.000000 1.000000
0.586202 0.037470 -0.809298 -1.390364 -0.115623 0.992574 -0.037794 99.182266 0.801872 0.115728 0.586181 1.451510 0.000000 0.000000 0.000000 1.000000
0.586183 0.037070 -0.809330 -1.382548 -0.115618 0.992556 -0.038277 99.215927 0.801886 0.116010 0.586106 1.470770 0.000000 0.000000 0.000000 1.000000
0.586069 0.036645 -0.809432 -1.365459 -0.115648 0.992532 -0.038800 99.233566 0.801965 0.116348 0.585931 1.487107 0.000000 0.000000 0.000000 1.000000
0.585675 0.036052 -0.809744 -1.343238 -0.115526 0.992524 -0.039369 99.233269 0.802271 0.116604 0.585461 1.495813 0.000000 0.000000 0.000000 1.000000
0.585295 0.035683 -0.810035 -1.315891 -0.115632 0.992493 -0.039830 99.203842 0.802533 0.116978 0.585028 1.504731 0.000000 0.000000 0.000000 1.000000
0.585075 0.035782 -0.810189 -1.278625 -0.115972 0.992450 -0.039917 99.145920 0.802644 0.117313 0.584808 1.520096 0.000000 0.000000 0.000000 1.000000
0.584856 0.036101 -0.810334 -1.234035 -0.116120 0.992446 -0.039595 99.078125 0.802783 0.117253 0.584629 1.533450 0.000000 0.000000 0.000000 1.000000
0.584532 0.036346 -0.810556 -1.192523 -0.116147 0.992456 -0.039256 99.010567 0.803015 0.117090 0.584344 1.536836 0.000000 0.000000 0.000000 1.000000
0.584078 0.036479 -0.810878 -1.156190 -0.116443 0.992422 -0.039228 98.938919 0.803302 0.117333 0.583900 1.529405 0.000000 0.000000 0.000000 1.000000</float_array>
        <technique_common>
          <accessor source="#mixamorig_Hips-Matrix-animation-output-transform-array" count="41" stride="16">
            <param type="float4x4"/>
          </accessor>
        </technique_common>
      </source>
      <source id="mixamorig_Hips-Interpolations">
        <Name_array id="mixamorig_Hips-Interpolations-array" count="41">
 LINEAR LINEAR LINEAR LINEAR LINEAR LINEAR LINEAR LINEAR LINEAR LINEAR LINEAR
LINEAR LINEAR LINEAR LINEAR LINEAR LINEAR LINEAR LINEAR LINEAR LINEAR LINEAR LINEAR
LINEAR LINEAR LINEAR LINEAR LINEAR LINEAR LINEAR LINEAR LINEAR LINEAR LINEAR LINEAR
LINEAR LINEAR LINEAR LINEAR LINEAR LINEAR</Name_array>
        <technique_common>
          <accessor source="#mixamorig_Hips-Interpolations-array" count="41">
            <param type="name"/>
          </accessor>
        </technique_common>
      </source>
      <sampler id="mixamorig_Hips-Matrix-animation-transform">
        <input semantic="INPUT" source="#mixamorig_Hips-Matrix-animation-input"/>
        <input semantic="OUTPUT" source="#mixamorig_Hips-Matrix-animation-output-transform"/>
        <input semantic="INTERPOLATION" source="#mixamorig_Hips-Interpolations"/>
      </sampler>
      <channel source="#mixamorig_Hips-Matrix-animation-transform" target="mixamorig_Hips/matrix"/>
    </animation>
    <animation id="mixamorig_Spine-anim" name="mixamorig_Spine">
      <source id="mixamorig_Spine-Matrix-animation-input">
        <float_array id="mixamorig_Spine-Matrix-animation-input-array" count="41">

0.000000 0.033333 0.066667 0.100000 0.133333 0.166667 0.200000 0.233333 0.266667 0.300000 0.333333 0.366667 0.400000 0.433333 0.466667 0.500000
0.533333 0.566667 0.600000 0.633333 0.666667 0.700000 0.733333 0.766667 0.800000 0.833333 0.866667 0.900000 0.933333 0.966667 1.000000 1.033333
1.066667 1.100000 1.133333 1.166667 1.200000 1.233333 1.266667 1.300000 1.333333</float_array>
        <technique_common>
          <accessor source="#mixamorig_Spine-Matrix-animation-input-array" count="41">
            <param name="TIME" type="float"/>
          </accessor>
        </technique_common>
      </source>
      <source id="mixamorig_Spine-Matrix-animation-output-transform">
        <float_array id="mixamorig_Spine-Matrix-animation-output-transform-array" count="656">

0.991511 -0.067894 0.110885 -0.000000 0.054866 0.991664 0.116587 10.182400 -0.117876 -0.109513 0.986971 -0.000000 0.000000 0.000000 0.000000 1.000000
0.991482 -0.068478 0.110788 0.000000 0.055494 0.991662 0.116306 10.182400 -0.117828 -0.109167 0.987015 0.000000 0.000000 0.000000 0.000000 1.000000
0.991491 -0.068751 0.110540 0.000000 0.055852 0.991698 0.115829 10.182400 -0.117585 -0.108669 0.987099 0.000000 0.000000 0.000000 0.000000 1.000000
0.991513 -0.068972 0.110208 0.000000 0.056155 0.991725 0.115445 10.182400 -0.117259 -0.108277 0.987181 0.000000 0.000000 0.000000 0.000000 1.000000
0.991528 -0.069172 0.109939 0.000000 0.056419 0.991744 0.115152 10.182400 -0.116997 -0.107974 0.987245 0.000000 0.000000 0.000000 0.000000 1.000000
0.991525 -0.069187 0.109964 -0.000000 0.056474 0.991782 0.114796 10.182400 -0.117003 -0.107613 0.987284 0.000000 0.000000 0.000000 0.000000 1.000000
0.991507 -0.069150 0.110149 -0.000000 0.056463 0.991829 0.114400 10.182400 -0.117160 -0.107209 0.987309 -0.000000 0.000000 0.000000 0.000000 1.000000
0.991510 -0.069191 0.110089 -0.000000 0.056549 0.991860 0.114083 10.182400 -0.117086 -0.106889 0.987353 0.000000 0.000000 0.000000 0.000000 1.000000
0.991554 -0.069154 0.109722 0.000000 0.056575 0.991883 0.113878 10.182400 -0.116707 -0.106709 0.987417 0.000000 0.000000 0.000000 0.000000 1.000000
0.991620 -0.068978 0.109234 0.000000 0.056478 0.991913 0.113661 10.182400 -0.116191 -0.106540 0.987496 0.000000 0.000000 0.000000 0.000000 1.000000
0.991678 -0.068880 0.108767 0.000000 0.056460 0.991943 0.113406 10.182400 -0.115702 -0.106321 0.987577 -0.000000 0.000000 0.000000 0.000000 1.000000
0.991717 -0.068832 0.108438 0.000000 0.056459 0.991954 0.113309 10.182400 -0.115364 -0.106248 0.987625 -0.000000 0.000000 0.000000 0.000000 1.000000
0.991767 -0.068525 0.108174 0.000000 0.056177 0.991968 0.113330 10.182400 -0.115071 -0.106320 0.987651 0.000000 0.000000 0.000000 0.000000 1.000000
0.991836 -0.068046 0.107850 0.000000 0.055739 0.991998 0.113288 10.182400 -0.114695 -0.106352 0.987691 -0.000000 0.000000 0.000000 0.000000 1.000000
0.991868 -0.067856 0.107676 0.000000 0.055565 0.992006 0.113301 10.182400 -0.114504 -0.106397 0.987709 0.000000 0.000000 0.000000 0.000000 1.000000
0.991834 -0.068064 0.107853 0.000000 0.055733 0.991975 0.113488 10.182400 -0.114712 -0.106550 0.987668 0.000000 0.000000 0.000000 0.000000 1.000000
0.991791 -0.068285 0.108113 0.000000 0.055888 0.991929 0.113810 10.182400 -0.115012 -0.106833 0.987603 0.000000 0.000000 0.000000 0.000000 1.000000
0.991783 -0.068276 0.108193 0.000000 0.055825 0.991887 0.114208 10.182400 -0.115113 -0.107229 0.987548 0.000000 0.000000 0.000000 0.000000 1.000000
0.991786 -0.068214 0.108197 0.000000 0.055715 0.991847 0.114611 10.182400 -0.115133 -0.107642 0.987501 0.000000 0.000000 0.000000 0.000000 1.000000
0.991770 -0.068215 0.108343 0.000000 0.055650 0.991801 0.115041 10.182400 -0.115303 -0.108065 0.987435 0.000000 0.000000 0.000000 0.000000 1.000000
0.991730 -0.068183 0.108729 0.000000 0.055516 0.991749 0.115552 10.182400 -0.115711 -0.108560 0.987333 0.000000 0.000000 0.000000 0.000000 1.000000
0.991681 -0.068045 0.109269 -0.000000 0.055256 0.991702 0.116082 10.182400 -0.116261 -0.109078 0.987211 0.000000 0.000000 0.000000 0.000000 1.000000
0.991632 -0.067891 0.109806 0.000000 0.054997 0.991671 0.116467 10.182400 -0.116799 -0.109453 0.987106 0.000000 0.000000 0.000000 0.000000 1.000000
0.991592 -0.067829 0.110204 0.000000 0.054862 0.991650 0.116706 10.182400 -0.117200 -0.109679 0.987033 -0.000000 0.000000 0.000000 0.000000 1.000000
0.991566 -0.067899 0.110390 0.000000 0.054880 0.991617 0.116974 10.182400 -0.117407 -0.109930 0.986981 0.000000 0.000000 0.000000 0.000000 1.000000
0.991564 -0.068003 0.110349 0.000000 0.054942 0.991568 0.117363 10.182400 -0.117400 -0.110310 0.986939 0.000000 0.000000 0.000000 0.000000 1.000000
0.991596 -0.067832 0.110164 0.000000 0.054737 0.991525 0.117821 10.182400 -0.117222 -0.110801 0.986905 -0.000000 0.000000 0.000000 0.000000 1.000000
0.991637 -0.067316 0.110107 0.000000 0.054169 0.991497 0.118318 10.182400 -0.117136 -0.111364 0.986852 0.000000 0.000000 0.000000 0.000000 1.000000
0.991632 -0.067035 0.110325 0.000000 0.053800 0.991454 0.118845 10.182400 -0.117349 -0.111915 0.986765 -0.000000 0.000000 0.000000 0.000000 1.000000
0.991606 -0.066979 0.110596 0.000000 0.053665 0.991411 0.119263 10.182400 -0.117635 -0.112327 0.986684 0.000000 0.000000 0.000000 0.000000 1.000000
0.991605 -0.066718 0.110761 0.000000 0.053354 0.991397 0.119521 10.182400 -0.117782 -0.112608 0.986634 -0.000000 0.000000 0.000000 0.000000 1.000000
0.991631 -0.066073 0.110919 0.000000 0.052665 0.991407 0.119743 10.182400 -0.117878 -0.112900 0.986589 -0.000000 0.000000 0.000000 0.000000 1.000000
0.991649 -0.065597 0.111035 0.000000 0.052146 0.991405 0.119986 10.182400 -0.117951 -0.113194 0.986547 0.000000 0.000000 0.000000 0.000000 1.000000
0.991652 -0.065625 0.110991 0.000000 0.052156 0.991382 0.120173 10.182400 -0.117920 -0.113381 0.986529 -0.000000 0.000000 0.000000 0.000000 1.000000
0.991657 -0.065651 0.110936 -0.000000 0.052183 0.991375 0.120217 10.182400 -0.117871 -0.113425 0.986530 0.000000 0.000000 0.000000 0.000000 1.000000
0.991661 -0.065485 0.110999 0.000000 0.052025 0.991398 0.120095 10.182400 -0.117909 -0.113319 0.986538 -0.000000 0.000000 0.000000 0.000000 1.000000
0.991641 -0.065706 0.111041 0.000000 0.052280 0.991424 0.119768 10.182400 -0.117959 -0.112962 0.986573 -0.000000 0.000000 0.000000 0.000000 1.000000
0.991598 -0.066470 0.110970 0.000000 0.053135 0.991463 0.119075 10.182400 -0.117937 -0.112178 0.986665 -0.000000 0.000000 0.000000 0.000000 1.000000
0.991556 -0.067166 0.110933 0.000000 0.053957 0.991539 0.118063 10.182400 -0.117925 -0.111081 0.986790 0.000000 0.000000 0.000000 0.000000 1.000000
0.991527 -0.067548 0.110961 0.000000 0.054442 0.991618 0.117173 10.182400 -0.117946 -0.110140 0.986893 0.000000 0.000000 0.000000 0.000000 1.000000
0.991511 -0.067894 0.110885 0.000000 0.054866 0.991664 0.116587 10.182400 -0.117876 -0.109513 0.986971 0.000000 0.000000 0.000000 0.000000 1.000000</float_array>
        <technique_common>
          <accessor source="#mixamorig_Spine-Matrix-animation-output-transform-array" count="41" stride="16">
            <param type="float4x4"/>
          </accessor>
        </technique_common>
      </source>
      <source id="mixamorig_Spine-Interpolations">
        <Name_array id="mixamorig_Spine-Interpolations-array" count="41">
 LINEAR LINEAR LINEAR LINEAR LINEAR LINEAR LINEAR LINEAR LINEAR LINEAR LINEAR
LINEAR LINEAR LINEAR LINEAR LINEAR LINEAR LINEAR LINEAR LINEAR LINEAR LINEAR LINEAR
LINEAR LINEAR LINEAR LINEAR LINEAR LINEAR LINEAR LINEAR LINEAR LINEAR LINEAR LINEAR
LINEAR LINEAR LINEAR LINEAR LINEAR LINEAR</Name_array>
        <technique_common>
          <accessor source="#mixamorig_Spine-Interpolations-array" count="41">
            <param type="name"/>
          </accessor>
        </technique_common>
      </source>
      <sampler id="mixamorig_Spine-Matrix-animation-transform">
        <input semantic="INPUT" source="#mixamorig_Spine-Matrix-animation-input"/>
        <input semantic="OUTPUT" source="#mixamorig_Spine-Matrix-animation-output-transform"/>
        <input semantic="INTERPOLATION" source="#mixamorig_Spine-Interpolations"/>
      </sampler>
      <channel source="#mixamorig_Spine-Matrix-animation-transform" target="mixamorig_Spine/matrix"/>
    </animation>
    <animation id="mixamorig_Spine1-anim" name="mixamorig_Spine1">
      <source id="mixamorig_Spine1-Matrix-animation-input">
        <float_array id="mixamorig_Spine1-Matrix-animation-input-array" count="41">

0.000000 0.033333 0.066667 0.100000 0.133333 0.166667 0.200000 0.233333 0.266667 0.300000 0.333333 0.366667 0.400000 0.433333 0.466667 0.500000
0.533333 0.566667 0.600000 0.633333 0.666667 0.700000 0.733333 0.766667 0.800000 0.833333 0.866667 0.900000 0.933333 0.966667 1.000000 1.033333
1.066667 1.100000 1.133333 1.166667 1.200000 1.233333 1.266667 1.300000 1.333333</float_array>
        <technique_common>
          <accessor source="#mixamorig_Spine1-Matrix-animation-input-array" count="41">
            <param name="TIME" type="float"/>
          </accessor>
        </technique_common>
      </source>
      <source id="mixamorig_Spine1-Matrix-animation-output-transform">
        <float_array id="mixamorig_Spine1-Matrix-animation-output-transform-array" count="656">

0.990537 -0.013148 0.136616 0.000000 0.019506 0.998783 -0.045306 10.002700 -0.135854 0.047542 0.989588 0.000000 0.000000 0.000000 0.000000 1.000000
0.990543 -0.013115 0.136573 0.000000 0.019486 0.998778 -0.045416 10.002700 -0.135810 0.047648 0.989588 0.000000 0.000000 0.000000 0.000000 1.000000
0.990568 -0.012988 0.136403 -0.000000 0.019383 0.998769 -0.045663 10.002700 -0.135642 0.047876 0.989600 0.000000 0.000000 0.000000 0.000000 1.000000
0.990603 -0.012916 0.136161 0.000000 0.019323 0.998762 -0.045839 10.002700 -0.135400 0.048039 0.989626 0.000000 0.000000 0.000000 0.000000 1.000000
0.990629 -0.012902 0.135967 -0.000000 0.019315 0.998757 -0.045955 10.002700 -0.135205 0.048151 0.989647 0.000000 0.000000 0.000000 0.000000 1.000000
0.990623 -0.012846 0.136015 0.000000 0.019287 0.998748 -0.046148 10.002700 -0.135252 0.048338 0.989631 0.000000 0.000000 0.000000 0.000000 1.000000
0.990599 -0.012767 0.136198 -0.000000 0.019251 0.998738 -0.046397 10.002700 -0.135434 0.048583 0.989595 0.000000 0.000000 0.000000 0.000000 1.000000
0.990602 -0.012698 0.136187 -0.000000 0.019207 0.998730 -0.046586 10.002700 -0.135422 0.048764 0.989587 0.000000 0.000000 0.000000 0.000000 1.000000
0.990637 -0.012591 0.135939 0.000000 0.019100 0.998727 -0.046683 10.002700 -0.135178 0.048842 0.989617 0.000000 0.000000 0.000000 0.000000 1.000000
0.990687 -0.012399 0.135596 0.000000 0.018903 0.998726 -0.046786 10.002700 -0.134844 0.048913 0.989659 0.000000 0.000000 0.000000 0.000000 1.000000
0.990737 -0.012164 0.135251 -0.000000 0.018666 0.998725 -0.046909 10.002700 -0.134508 0.048999 0.989700 0.000000 0.000000 0.000000 0.000000 1.000000
0.990775 -0.011906 0.134990 0.000000 0.018390 0.998731 -0.046890 10.002700 -0.134260 0.048940 0.989737 0.000000 0.000000 0.000000 0.000000 1.000000
0.990808 -0.011581 0.134778 0.000000 0.018034 0.998743 -0.046758 10.002700 -0.134067 0.048758 0.989772 0.000000 0.000000 0.000000 0.000000 1.000000
0.990846 -0.011251 0.134526 -0.000000 0.017677 0.998754 -0.046670 10.002700 -0.133833 0.048621 0.989810 0.000000 0.000000 0.000000 0.000000 1.000000
0.990866 -0.011086 0.134392 0.000000 0.017491 0.998762 -0.046571 10.002700 -0.133709 0.048496 0.989833 0.000000 0.000000 0.000000 0.000000 1.000000
0.990846 -0.011105 0.134542 -0.000000 0.017493 0.998770 -0.046387 10.002700 -0.133861 0.048316 0.989822 0.000000 0.000000 0.000000 0.000000 1.000000
0.990816 -0.011150 0.134759 0.000000 0.017513 0.998782 -0.046125 10.002700 -0.134080 0.048061 0.989804 0.000000 0.000000 0.000000 0.000000 1.000000
0.990808 -0.011156 0.134816 -0.000000 0.017479 0.998797 -0.045810 10.002700 -0.134143 0.047746 0.989811 0.000000 0.000000 0.000000 0.000000 1.000000
0.990810 -0.011192 0.134799 0.000000 0.017475 0.998811 -0.045514 10.002700 -0.134129 0.047451 0.989827 0.000000 0.000000 0.000000 0.000000 1.000000
0.990795 -0.011323 0.134897 0.000000 0.017574 0.998822 -0.045237 10.002700 -0.134226 0.047191 0.989826 0.000000 0.000000 0.000000 0.000000 1.000000
0.990752 -0.011545 0.135196 -0.000000 0.017771 0.998832 -0.044938 10.002700 -0.134519 0.046925 0.989799 0.000000 0.000000 0.000000 0.000000 1.000000
0.990691 -0.011766 0.135623 0.000000 0.017979 0.998840 -0.044672 10.002700 -0.134940 0.046694 0.989753 0.000000 0.000000 0.000000 0.000000 1.000000
0.990629 -0.011942 0.136054 0.000000 0.018161 0.998842 -0.044560 10.002700 -0.135364 0.046613 0.989699 0.000000 0.000000 0.000000 0.000000 1.000000
0.990583 -0.012145 0.136372 -0.000000 0.018381 0.998837 -0.044569 10.002700 -0.135672 0.046656 0.989655 -0.000000 0.000000 0.000000 0.000000 1.000000
0.990563 -0.012394 0.136500 -0.000000 0.018632 0.998835 -0.044522 10.002700 -0.135789 0.046645 0.989639 0.000000 0.000000 0.000000 0.000000 1.000000
0.990571 -0.012600 0.136423 0.000000 0.018812 0.998839 -0.044347 10.002700 -0.135706 0.046495 0.989658 0.000000 0.000000 0.000000 0.000000 1.000000
0.990593 -0.012689 0.136253 0.000000 0.018861 0.998849 -0.044106 10.002700 -0.135537 0.046260 0.989692 0.000000 0.000000 0.000000 0.000000 1.000000
0.990597 -0.012711 0.136223 -0.000000 0.018846 0.998861 -0.043837 10.002700 -0.135511 0.045992 0.989708 0.000000 0.000000 0.000000 0.000000 1.000000
0.990571 -0.012821 0.136397 -0.000000 0.018924 0.998872 -0.043543 10.002700 -0.135685 0.045714 0.989697 0.000000 0.000000 0.000000 0.000000 1.000000
0.990544 -0.013017 0.136577 -0.000000 0.019101 0.998878 -0.043329 10.002700 -0.135860 0.045528 0.989681 0.000000 0.000000 0.000000 0.000000 1.000000
0.990529 -0.013164 0.136672 0.000000 0.019240 0.998880 -0.043236 10.002700 -0.135950 0.045456 0.989672 0.000000 0.000000 0.000000 0.000000 1.000000
0.990516 -0.013169 0.136764 0.000000 0.019239 0.998883 -0.043159 10.002700 -0.136043 0.045381 0.989663 0.000000 0.000000 0.000000 0.000000 1.000000
0.990511 -0.013186 0.136797 0.000000 0.019244 0.998887 -0.043058 10.002700 -0.136077 0.045282 0.989663 -0.000000 0.000000 0.000000 0.000000 1.000000
0.990525 -0.013377 0.136680 0.000000 0.019422 0.998887 -0.042990 10.002700 -0.135952 0.045238 0.989682 0.000000 0.000000 0.000000 0.000000 1.000000
0.990538 -0.013555 0.136567 -0.000000 0.019599 0.998882 -0.043013 10.002700 -0.135831 0.045283 0.989697 0.000000 0.000000 0.000000 0.000000 1.000000
0.990537 -0.013536 0.136579 -0.000000 0.019595 0.998878 -0.043120 10.002700 -0.135842 0.045388 0.989690 0.000000 0.000000 0.000000 0.000000 1.000000
0.990535 -0.013503 0.136595 0.000000 0.019590 0.998869 -0.043314 10.002700 -0.135856 0.045580 0.989680 -0.000000 0.000000 0.000000 0.000000 1.000000
0.990541 -0.013565 0.136546 0.000000 0.019706 0.998849 -0.043724 10.002700 -0.135796 0.046001 0.989668 0.000000 0.000000 0.000000 0.000000 1.000000
0.990540 -0.013511 0.136556 0.000000 0.019740 0.998820 -0.044364 10.002700 -0.135796 0.046640 0.989638 0.000000 0.000000 0.000000 0.000000 1.000000
0.990533 -0.013295 0.136630 0.000000 0.019605 0.998797 -0.044941 10.002700 -0.135868 0.047194 0.989602 0.000000 0.000000 0.000000 0.000000 1.000000
0.990537 -0.013148 0.136616 0.000000 0.019506 0.998783 -0.045306 10.002700 -0.135854 0.047542 0.989588 0.000000 0.000000 0.000000 0.000000 1.000000</float_array>
        <technique_common>
          <accessor source="#mixamorig_Spine1-Matrix-animation-output-transform-array" count="41" stride="16">
            <param type="float4x4"/>
          </accessor>
        </technique_common>
      </source>
      <source id="mixamorig_Spine1-Interpolations">
        <Name_array id="mixamorig_Spine1-Interpolations-array" count="41">
 LINEAR LINEAR LINEAR LINEAR LINEAR LINEAR LINEAR LINEAR LINEAR LINEAR LINEAR
LINEAR LINEAR LINEAR LINEAR LINEAR LINEAR LINEAR LINEAR LINEAR LINEAR LINEAR LINEAR
LINEAR LINEAR LINEAR LINEAR LINEAR LINEAR LINEAR LINEAR LINEAR LINEAR LINEAR LINEAR
LINEAR LINEAR LINEAR LINEAR LINEAR LINEAR</Name_array>
        <technique_common>
          <accessor source="#mixamorig_Spine1-Interpolations-array" count="41">
            <param type="name"/>
          </accessor>
        </technique_common>
      </source>
      <sampler id="mixamorig_Spine1-Matrix-animation-transform">
        <input semantic="INPUT" source="#mixamorig_Spine1-Matrix-animation-input"/>
        <input semantic="OUTPUT" source="#mixamorig_Spine1-Matrix-animation-output-transform"/>
        <input semantic="INTERPOLATION" source="#mixamorig_Spine1-Interpolations"/>
      </sampler>
      <channel source="#mixamorig_Spine1-Matrix-animation-transform" target="mixamorig_Spine1/matrix"/>
    </animation>
    <animation id="mixamorig_Spine2-anim" name="mixamorig_Spine2">
      <source id="mixamorig_Spine2-Matrix-animation-input">
        <float_array id="mixamorig_Spine2-Matrix-animation-input-array" count="41">

0.000000 0.033333 0.066667 0.100000 0.133333 0.166667 0.200000 0.233333 0.266667 0.300000 0.333333 0.366667 0.400000 0.433333 0.466667 0.500000
0.533333 0.566667 0.600000 0.633333 0.666667 0.700000 0.733333 0.766667 0.800000 0.833333 0.866667 0.900000 0.933333 0.966667 1.000000 1.033333
1.066667 1.100000 1.133333 1.166667 1.200000 1.233333 1.266667 1.300000 1.333333</float_array>
        <technique_common>
          <accessor source="#mixamorig_Spine2-Matrix-animation-input-array" count="41">
            <param name="TIME" type="float"/>
          </accessor>
        </technique_common>
      </source>
      <source id="mixamorig_Spine2-Matrix-animation-output-transform">
        <float_array id="mixamorig_Spine2-Matrix-animation-output-transform-array" count="656">

0.990540 -0.006447 0.137069 -0.000000 0.016532 0.997227 -0.072562 9.322100 -0.136221 0.074142 0.987900 0.000000 0.000000 0.000000 0.000000 1.000000
0.990544 -0.006379 0.137044 0.000000 0.016475 0.997221 -0.072662 9.322100 -0.136199 0.074233 0.987896 0.000000 0.000000 0.000000 0.000000 1.000000
0.990566 -0.006216 0.136895 -0.000000 0.016332 0.997206 -0.072900 9.322100 -0.136059 0.074448 0.987899 0.000000 0.000000 0.000000 0.000000 1.000000
0.990597 -0.006115 0.136675 0.000000 0.016237 0.997195 -0.073067 9.322100 -0.135844 0.074599 0.987918 0.000000 0.000000 0.000000 0.000000 1.000000
0.990622 -0.006076 0.136497 -0.000000 0.016199 0.997187 -0.073177 9.322100 -0.135669 0.074702 0.987934 0.000000 0.000000 0.000000 0.000000 1.000000
0.990614 -0.005998 0.136554 0.000000 0.016151 0.997174 -0.073365 9.322100 -0.135728 0.074882 0.987912 0.000000 0.000000 0.000000 0.000000 1.000000
0.990589 -0.005898 0.136746 0.000000 0.016099 0.997157 -0.073607 9.322100 -0.135923 0.075116 0.987868 0.000000 0.000000 0.000000 0.000000 1.000000
0.990588 -0.005813 0.136752 -0.000000 0.016037 0.997145 -0.073782 9.322100 -0.135933 0.075281 0.987854 0.000000 0.000000 0.000000 0.000000 1.000000
0.990620 -0.005695 0.136527 0.000000 0.015912 0.997142 -0.073862 9.322100 -0.135716 0.075342 0.987879 0.000000 0.000000 0.000000 0.000000 1.000000
0.990666 -0.005494 0.136204 0.000000 0.015698 0.997138 -0.073952 9.322100 -0.135408 0.075399 0.987917 0.000000 0.000000 0.000000 0.000000 1.000000
0.990713 -0.005245 0.135871 0.000000 0.015437 0.997134 -0.074071 9.322100 -0.135093 0.075480 0.987954 0.000000 0.000000 0.000000 0.000000 1.000000
0.990749 -0.004967 0.135616 -0.000000 0.015136 0.997139 -0.074053 9.322100 -0.134860 0.075420 0.987990 -0.000000 0.000000 0.000000 0.000000 1.000000
0.990780 -0.004624 0.135404 0.000000 0.014756 0.997155 -0.073921 9.322100 -0.134677 0.075238 0.988029 0.000000 0.000000 0.000000 0.000000 1.000000
0.990816 -0.004279 0.135151 0.000000 0.014378 0.997167 -0.073839 9.322100 -0.134452 0.075104 0.988070 0.000000 0.000000 0.000000 0.000000 1.000000
0.990835 -0.004101 0.135018 0.000000 0.014176 0.997177 -0.073742 9.322100 -0.134334 0.074980 0.988095 0.000000 0.000000 0.000000 0.000000 1.000000
0.990814 -0.004111 0.135169 -0.000000 0.014172 0.997191 -0.073554 9.322100 -0.134487 0.074794 0.988089 0.000000 0.000000 0.000000 0.000000 1.000000
0.990785 -0.004152 0.135383 0.000000 0.014193 0.997210 -0.073288 9.322100 -0.134701 0.074534 0.988079 0.000000 0.000000 0.000000 0.000000 1.000000
0.990778 -0.004161 0.135433 0.000000 0.014163 0.997233 -0.072972 9.322100 -0.134755 0.074218 0.988096 -0.000000 0.000000 0.000000 0.000000 1.000000
0.990781 -0.004209 0.135411 0.000000 0.014169 0.997255 -0.072675 9.322100 -0.134733 0.073924 0.988121 0.000000 0.000000 0.000000 0.000000 1.000000
0.990768 -0.004357 0.135500 -0.000000 0.014287 0.997273 -0.072400 9.322100 -0.134816 0.073667 0.988128 0.000000 0.000000 0.000000 0.000000 1.000000
0.990728 -0.004604 0.135782 0.000000 0.014517 0.997291 -0.072106 9.322100 -0.135082 0.073408 0.988111 0.000000 0.000000 0.000000 0.000000 1.000000
0.990671 -0.004859 0.136188 -0.000000 0.014768 0.997307 -0.071843 9.322100 -0.135472 0.073184 0.988075 0.000000 0.000000 0.000000 0.000000 1.000000
0.990614 -0.005073 0.136599 0.000000 0.014999 0.997311 -0.071736 9.322100 -0.135867 0.073111 0.988026 0.000000 0.000000 0.000000 0.000000 1.000000
0.990571 -0.005313 0.136894 0.000000 0.015266 0.997305 -0.071755 9.322100 -0.136144 0.073169 0.987983 0.000000 0.000000 0.000000 0.000000 1.000000
0.990557 -0.005597 0.136991 -0.000000 0.015556 0.997302 -0.071735 9.322100 -0.136220 0.073189 0.987971 0.000000 0.000000 0.000000 0.000000 1.000000
0.990571 -0.005833 0.136876 0.000000 0.015766 0.997309 -0.071596 9.322100 -0.136090 0.073079 0.987997 0.000000 0.000000 0.000000 0.000000 1.000000
0.990597 -0.005957 0.136683 -0.000000 0.015845 0.997324 -0.071372 9.322100 -0.135892 0.072866 0.988040 0.000000 0.000000 0.000000 0.000000 1.000000
0.990602 -0.006019 0.136644 -0.000000 0.015868 0.997343 -0.071098 9.322100 -0.135853 0.072598 0.988065 0.000000 0.000000 0.000000 0.000000 1.000000
0.990579 -0.006164 0.136804 0.000000 0.015984 0.997362 -0.070802 9.322100 -0.136007 0.072322 0.988065 0.000000 0.000000 0.000000 0.000000 1.000000
0.990555 -0.006389 0.136966 0.000000 0.016195 0.997373 -0.070597 9.322100 -0.136155 0.072149 0.988057 0.000000 0.000000 0.000000 0.000000 1.000000
0.990543 -0.006567 0.137043 0.000000 0.016368 0.997376 -0.070514 9.322100 -0.136221 0.072091 0.988052 0.000000 0.000000 0.000000 0.000000 1.000000
0.990533 -0.006604 0.137117 0.000000 0.016402 0.997381 -0.070448 9.322100 -0.136292 0.072030 0.988047 0.000000 0.000000 0.000000 0.000000 1.000000
0.990531 -0.006649 0.137131 -0.000000 0.016436 0.997386 -0.070358 9.322100 -0.136305 0.071946 0.988051 0.000000 0.000000 0.000000 0.000000 1.000000
0.990547 -0.006863 0.137004 0.000000 0.016634 0.997387 -0.070300 9.322100 -0.136164 0.071914 0.988073 0.000000 0.000000 0.000000 0.000000 1.000000
0.990561 -0.007056 0.136890 0.000000 0.016823 0.997382 -0.070326 9.322100 -0.136035 0.071965 0.988087 0.000000 0.000000 0.000000 0.000000 1.000000
0.990560 -0.007040 0.136901 0.000000 0.016823 0.997375 -0.070433 9.322100 -0.136046 0.072071 0.988078 0.000000 0.000000 0.000000 0.000000 1.000000
0.990557 -0.006986 0.136924 -0.000000 0.016797 0.997361 -0.070627 9.322100 -0.136070 0.072260 0.988060 0.000000 0.000000 0.000000 0.000000 1.000000
0.990561 -0.007001 0.136897 -0.000000 0.016867 0.997331 -0.071036 9.322100 -0.136034 0.072675 0.988035 -0.000000 0.000000 0.000000 0.000000 1.000000
0.990555 -0.006892 0.136939 0.000000 0.016846 0.997286 -0.071666 9.322100 -0.136074 0.073296 0.987984 0.000000 0.000000 0.000000 0.000000 1.000000
0.990542 -0.006629 0.137049 0.000000 0.016667 0.997249 -0.072223 9.322100 -0.136193 0.073824 0.987928 0.000000 0.000000 0.000000 0.000000 1.000000
0.990540 -0.006447 0.137069 0.000000 0.016532 0.997227 -0.072562 9.322100 -0.136221 0.074142 0.987900 0.000000 0.000000 0.000000 0.000000 1.000000</float_array>
        <technique_common>
          <accessor source="#mixamorig_Spine2-Matrix-animation-output-transform-array" count="41" stride="16">
            <param type="float4x4"/>
          </accessor>
        </technique_common>
      </source>
      <source id="mixamorig_Spine2-Interpolations">
        <Name_array id="mixamorig_Spine2-Interpolations-array" count="41">
 LINEAR LINEAR LINEAR LINEAR LINEAR LINEAR LINEAR LINEAR LINEAR LINEAR LINEAR
LINEAR LINEAR LINEAR LINEAR LINEAR LINEAR LINEAR LINEAR LINEAR LINEAR LINEAR LINEAR
LINEAR LINEAR LINEAR LINEAR LINEAR LINEAR LINEAR LINEAR LINEAR LINEAR LINEAR LINEAR
LINEAR LINEAR LINEAR LINEAR LINEAR LINEAR</Name_array>
        <technique_common>
          <accessor source="#mixamorig_Spine2-Interpolations-array" count="41">
            <param type="name"/>
          </accessor>
        </technique_common>
      </source>
      <sampler id="mixamorig_Spine2-Matrix-animation-transform">
        <input semantic="INPUT" source="#mixamorig_Spine2-Matrix-animation-input"/>
        <input semantic="OUTPUT" source="#mixamorig_Spine2-Matrix-animation-output-transform"/>
        <input semantic="INTERPOLATION" source="#mixamorig_Spine2-Interpolations"/>
      </sampler>
      <channel source="#mixamorig_Spine2-Matrix-animation-transform" target="mixamorig_Spine2/matrix"/>
    </animation>
    <animation id="mixamorig_Neck-anim" name="mixamorig_Neck">
      <source id="mixamorig_Neck-Matrix-animation-input">
        <float_array id="mixamorig_Neck-Matrix-animation-input-array" count="41">

0.000000 0.033333 0.066667 0.100000 0.133333 0.166667 0.200000 0.233333 0.266667 0.300000 0.333333 0.366667 0.400000 0.433333 0.466667 0.500000
0.533333 0.566667 0.600000 0.633333 0.666667 0.700000 0.733333 0.766667 0.800000 0.833333 0.866667 0.900000 0.933333 0.966667 1.000000 1.033333
1.066667 1.100000 1.133333 1.166667 1.200000 1.233333 1.266667 1.300000 1.333333</float_array>
        <technique_common>
          <accessor source="#mixamorig_Neck-Matrix-animation-input-array" count="41">
            <param name="TIME" type="float"/>
          </accessor>
        </technique_common>
      </source>
      <source id="mixamorig_Neck-Matrix-animation-output-transform">
        <float_array id="mixamorig_Neck-Matrix-animation-output-transform-array" count="656">

0.989933 0.061734 0.127366 0.000000 -0.034255 0.977614 -0.207601 16.865299 -0.137331 0.201148 0.969886 0.000000 0.000000 0.000000 0.000000 1.000000
0.989968 0.061579 0.127170 0.000000 -0.034229 0.977744 -0.206992 16.865299 -0.137086 0.200562 0.970042 0.000000 0.000000 0.000000 0.000000 1.000000
0.990006 0.061564 0.126880 -0.000000 -0.034360 0.977869 -0.206375 16.865299 -0.136778 0.199953 0.970212 0.000000 0.000000 0.000000 0.000000 1.000000
0.990041 0.061530 0.126622 -0.000000 -0.034451 0.977975 -0.205861 16.865299 -0.136500 0.199448 0.970355 0.000000 0.000000 0.000000 0.000000 1.000000
0.990039 0.061566 0.126618 -0.000000 -0.034583 0.978112 -0.205183 16.865299 -0.136479 0.198760 0.970499 0.000000 0.000000 0.000000 0.000000 1.000000
0.990024 0.061673 0.126686 0.000000 -0.034797 0.978286 -0.204319 16.865299 -0.136536 0.197873 0.970672 0.000000 0.000000 0.000000 0.000000 1.000000
0.990023 0.061760 0.126653 0.000000 -0.034976 0.978408 -0.203703 16.865299 -0.136499 0.197241 0.970806 0.000000 0.000000 0.000000 0.000000 1.000000
0.990013 0.061724 0.126742 -0.000000 -0.034950 0.978450 -0.203504 16.865299 -0.136572 0.197042 0.970836 0.000000 0.000000 0.000000 0.000000 1.000000
0.989986 0.061489 0.127073 -0.000000 -0.034673 0.978490 -0.203358 16.865299 -0.136844 0.196916 0.970823 0.000000 0.000000 0.000000 0.000000 1.000000
0.989947 0.061166 0.127533 -0.000000 -0.034326 0.978598 -0.202898 16.865299 -0.137214 0.196481 0.970859 0.000000 0.000000 0.000000 0.000000 1.000000
0.989910 0.060981 0.127905 -0.000000 -0.034163 0.978743 -0.202227 16.865299 -0.137518 0.195817 0.970950 0.000000 0.000000 0.000000 0.000000 1.000000
0.989891 0.060927 0.128074 0.000000 -0.034159 0.978863 -0.201644 16.865299 -0.137652 0.195231 0.971049 0.000000 0.000000 0.000000 0.000000 1.000000
0.989887 0.060846 0.128145 -0.000000 -0.034123 0.978948 -0.201236 16.865299 -0.137692 0.194828 0.971125 0.000000 0.000000 0.000000 0.000000 1.000000
0.989887 0.060731 0.128199 0.000000 -0.034027 0.978993 -0.201036 16.865299 -0.137715 0.194641 0.971159 0.000000 0.000000 0.000000 0.000000 1.000000
0.989891 0.060678 0.128198 -0.000000 -0.033971 0.978990 -0.201060 16.865299 -0.137705 0.194672 0.971154 -0.000000 0.000000 0.000000 0.000000 1.000000
0.989900 0.060711 0.128108 -0.000000 -0.034004 0.978963 -0.201183 16.865299 -0.137627 0.194795 0.971140 -0.000000 0.000000 0.000000 0.000000 1.000000
0.989910 0.060726 0.128026 0.000000 -0.034016 0.978936 -0.201315 16.865299 -0.137554 0.194929 0.971124 0.000000 0.000000 0.000000 0.000000 1.000000
0.989923 0.060635 0.127970 0.000000 -0.033909 0.978898 -0.201515 16.865299 -0.137489 0.195145 0.971090 -0.000000 0.000000 0.000000 0.000000 1.000000
0.989950 0.060504 0.127823 0.000000 -0.033760 0.978832 -0.201860 16.865299 -0.137330 0.195516 0.971038 0.000000 0.000000 0.000000 0.000000 1.000000
0.989986 0.060413 0.127582 -0.000000 -0.033654 0.978743 -0.202311 16.865299 -0.137092 0.195992 0.970975 0.000000 0.000000 0.000000 0.000000 1.000000
0.990011 0.060367 0.127411 0.000000 -0.033577 0.978647 -0.202786 16.865299 -0.136932 0.196482 0.970899 -0.000000 0.000000 0.000000 0.000000 1.000000
0.990025 0.060296 0.127335 0.000000 -0.033446 0.978541 -0.203319 16.865299 -0.136862 0.197032 0.970797 0.000000 0.000000 0.000000 0.000000 1.000000
0.990049 0.060215 0.127188 0.000000 -0.033299 0.978403 -0.204005 16.865299 -0.136726 0.197739 0.970673 -0.000000 0.000000 0.000000 0.000000 1.000000
0.990070 0.060270 0.126996 0.000000 -0.033292 0.978255 -0.204718 16.865299 -0.136573 0.198457 0.970548 0.000000 0.000000 0.000000 0.000000 1.000000
0.990059 0.060513 0.126967 -0.000000 -0.033448 0.978116 -0.205356 16.865299 -0.136615 0.199068 0.970416 -0.000000 0.000000 0.000000 0.000000 1.000000
0.990040 0.060723 0.127018 0.000000 -0.033546 0.977965 -0.206058 16.865299 -0.136731 0.199745 0.970261 0.000000 0.000000 0.000000 0.000000 1.000000
0.990048 0.060640 0.126993 0.000000 -0.033366 0.977817 -0.206788 16.865299 -0.136716 0.200493 0.970109 0.000000 0.000000 0.000000 0.000000 1.000000
0.990064 0.060514 0.126932 -0.000000 -0.033168 0.977694 -0.207400 16.865299 -0.136651 0.201129 0.969986 -0.000000 0.000000 0.000000 0.000000 1.000000
0.990045 0.060737 0.126973 -0.000000 -0.033296 0.977564 -0.207990 16.865299 -0.136757 0.201691 0.969855 0.000000 0.000000 0.000000 0.000000 1.000000
0.990007 0.061108 0.127088 -0.000000 -0.033551 0.977421 -0.208621 16.865299 -0.136967 0.202272 0.969704 -0.000000 0.000000 0.000000 0.000000 1.000000
0.989985 0.061359 0.127140 0.000000 -0.033705 0.977291 -0.209203 16.865299 -0.137089 0.202822 0.969572 0.000000 0.000000 0.000000 0.000000 1.000000
0.989976 0.061487 0.127146 -0.000000 -0.033760 0.977182 -0.209704 16.865299 -0.137139 0.203310 0.969463 0.000000 0.000000 0.000000 0.000000 1.000000
