<?xml version="1.0" encoding="utf-8"?>
<COLLADA xmlns="http://www.collada.org/2005/11/COLLADASchema" version="1.4.1">
  <asset>
    <contributor>
      <author>Mixamo</author>
      <authoring_tool>COLLADA Mixamo exporter</authoring_tool>
      <comments/>
    </contributor>
    <created>2024-04-17T16:58:21Z</created>
    <modified>2024-04-17T16:58:21Z</modified>
    <revision/>
    <title/>
    <unit meter="0.010000"/>
    <up_axis>Y_UP</up_axis>
  </asset>
  <library_animations>
    <animation id="mixamorig_Hips-anim" name="mixamorig_Hips">
      <source id="mixamorig_Hips-Matrix-animation-input">
        <float_array id="mixamorig_Hips-Matrix-animation-input-array" count="31">

0.000000 0.033333 0.066667 0.100000 0.133333 0.166667 0.200000 0.233333 0.266667 0.300000 0.333333 0.366667 0.400000 0.433333 0.466667 0.500000
0.533333 0.566667 0.600000 0.633333 0.666667 0.700000 0.733333 0.766667 0.800000 0.833333 0.866667 0.900000 0.933333 0.966667 1.000000</float_array>
        <technique_common>
          <accessor source="#mixamorig_Hips-Matrix-animation-input-array" count="31">
            <param name="TIME" type="float"/>
          </accessor>
        </technique_common>
      </source>
      <source id="mixamorig_Hips-Matrix-animation-output-transform">
        <float_array id="mixamorig_Hips-Matrix-animation-output-transform-array" count="496">

0.915359 -0.016660 -0.402295 -0.511858 -0.003507 0.998776 -0.049343 94.697510 0.402624 0.046577 0.914179 1.668605 0.000000 0.000000 0.000000 1.000000
0.919291 -0.008522 -0.393486 -0.360568 -0.005687 0.999374 -0.034930 93.475815 0.393537 0.034348 0.918667 2.422285 0.000000 0.000000 0.000000 1.000000
0.921668 -0.000608 -0.387979 -0.116649 -0.008097 0.999751 -0.020801 92.067566 0.387895 0.022313 0.921434 3.176396 0.000000 0.000000 0.000000 1.000000
0.923128 0.005671 -0.384452 0.225583 -0.009834 0.999912 -0.008863 90.683044 0.384368 0.011962 0.923103 3.902113 0.000000 0.000000 0.000000 1.000000
0.925857 0.009246 -0.377760 0.724296 -0.010632 0.999942 -0.001584 89.525024 0.377723 0.005483 0.925902 4.493000 0.000000 0.000000 0.000000 1.000000
0.928264 0.008333 -0.371829 1.396919 -0.009789 0.999950 -0.002029 88.948074 0.371794 0.005523 0.928299 4.756814 0.000000 0.000000 0.000000 1.000000
0.925768 0.001909 -0.378088 2.221568 -0.007186 0.999895 -0.012547 89.098717 0.378025 0.014332 0.925684 4.589846 0.000000 0.000000 0.000000 1.000000
0.918300 -0.008549 -0.395794 3.178958 -0.005404 0.999403 -0.034126 89.896759 0.395849 0.033477 0.917705 4.106561 0.000000 0.000000 0.000000 1.000000
0.908867 -0.022141 -0.416498 4.150877 -0.004208 0.998052 -0.062238 90.942398 0.417065 0.058319 0.907004 3.478509 0.000000 0.000000 0.000000 1.000000
0.908257 -0.062371 -0.413739 4.903131 0.028102 0.995688 -0.088409 91.896660 0.417469 0.068671 0.906093 3.028185 0.000000 0.000000 0.000000 1.000000
0.899009 -0.074090 -0.431616 5.818085 0.028285 0.993351 -0.111600 93.046646 0.437015 0.088121 0.895127 2.828852 0.000000 0.000000 0.000000 1.000000
0.880093 -0.060924 -0.470877 6.862415 0.000194 0.991780 -0.127958 94.549339 0.474802 0.112523 0.872870 2.862017 0.000000 0.000000 0.000000 1.000000
0.861841 -0.048807 -0.504824 7.733531 -0.023249 0.990511 -0.135456 96.085625 0.506645 0.128478 0.852528 3.205665 0.000000 0.000000 0.000000 1.000000
0.853125 -0.048633 -0.519435 8.261168 -0.027979 0.989948 -0.138638 97.208366 0.520956 0.132809 0.843189 3.772759 0.000000 0.000000 0.000000 1.000000
0.852325 -0.046194 -0.520969 8.562315 -0.031629 0.989716 -0.139503 97.657043 0.522056 0.135379 0.842099 4.448874 0.000000 0.000000 0.000000 1.000000
0.854309 -0.045090 -0.517806 8.715124 -0.029428 0.990436 -0.134798 97.388420 0.518931 0.130398 0.844812 5.198465 0.000000 0.000000 0.000000 1.000000
0.852492 -0.041050 -0.521126 8.810991 -0.027467 0.992017 -0.123076 96.496277 0.522018 0.119235 0.844559 6.055699 0.000000 0.000000 0.000000 1.000000
0.847055 -0.032535 -0.530508 8.837814 -0.028285 0.993951 -0.106120 95.164734 0.530752 0.104894 0.841011 7.029079 0.000000 0.000000 0.000000 1.000000
0.839764 -0.020936 -0.542548 8.769884 -0.031501 0.995694 -0.087181 93.432259 0.542037 0.090302 0.835489 8.059269 0.000000 0.000000 0.000000 1.000000
0.830138 -0.019047 -0.557233 8.541599 -0.023680 0.997310 -0.069367 91.451233 0.557056 0.070780 0.827453 8.905845 0.000000 0.000000 0.000000 1.000000
0.820523 -0.019961 -0.571265 8.147902 -0.013608 0.998425 -0.054432 89.677895 0.571452 0.052437 0.818958 9.433091 0.000000 0.000000 0.000000 1.000000
0.815052 -0.016325 -0.579157 7.475914 -0.010163 0.999046 -0.042463 88.536438 0.579298 0.040495 0.814109 9.447923 0.000000 0.000000 0.000000 1.000000
0.814814 -0.007740 -0.579671 6.516980 -0.016282 0.999211 -0.036229 88.513557 0.579494 0.038958 0.814045 8.727777 0.000000 0.000000 0.000000 1.000000
0.819916 -0.006087 -0.572451 5.342660 -0.020932 0.998956 -0.040603 89.411949 0.572101 0.045274 0.818933 7.184264 0.000000 0.000000 0.000000 1.000000
0.830661 -0.014617 -0.556587 4.103957 -0.019349 0.998294 -0.055094 90.814056 0.556443 0.056534 0.828960 5.308329 0.000000 0.000000 0.000000 1.000000
0.839606 -0.001944 -0.543193 3.105464 -0.043139 0.996596 -0.070246 92.271835 0.541481 0.082412 0.836664 3.837847 0.000000 0.000000 0.000000 1.000000
0.863576 -0.005176 -0.504192 2.187998 -0.038622 0.996330 -0.076381 93.681152 0.502737 0.085434 0.860207 2.678567 0.000000 0.000000 0.000000 1.000000
0.892895 -0.028154 -0.449385 1.313541 -0.005476 0.997290 -0.073361 94.990318 0.450232 0.067964 0.890321 1.872611 0.000000 0.000000 0.000000 1.000000
0.905528 -0.023388 -0.423641 0.737209 -0.006067 0.997664 -0.068047 95.679642 0.424243 0.064188 0.903271 1.784094 0.000000 0.000000 0.000000 1.000000
0.911131 -0.021155 -0.411574 0.207356 -0.005769 0.997929 -0.064066 95.779678 0.412077 0.060747 0.909122 1.786384 0.000000 0.000000 0.000000 1.000000
0.914015 -0.019812 -0.405196 -0.293184 -0.003162 0.998429 -0.055950 95.270668 0.405668 0.052421 0.912516 1.699497 0.000000 0.000000 0.000000 1.000000</float_array>
        <technique_common>
          <accessor source="#mixamorig_Hips-Matrix-animation-output-transform-array" count="31" stride="16">
            <param type="float4x4"/>
          </accessor>
        </technique_common>
      </source>
      <source id="mixamorig_Hips-Interpolations">
        <Name_array id="mixamorig_Hips-Interpolations-array" count="31">
 LINEAR LINEAR LINEAR LINEAR LINEAR LINEAR LINEAR LINEAR LINEAR LINEAR LINEAR
LINEAR LINEAR LINEAR LINEAR LINEAR LINEAR LINEAR LINEAR LINEAR LINEAR LINEAR LINEAR
LINEAR LINEAR LINEAR LINEAR LINEAR LINEAR LINEAR LINEAR</Name_array>
        <technique_common>
          <accessor source="#mixamorig_Hips-Interpolations-array" count="31">
            <param type="name"/>
          </accessor>
        </technique_common>
      </source>
      <sampler id="mixamorig_Hips-Matrix-animation-transform">
        <input semantic="INPUT" source="#mixamorig_Hips-Matrix-animation-input"/>
        <input semantic="OUTPUT" source="#mixamorig_Hips-Matrix-animation-output-transform"/>
        <input semantic="INTERPOLATION" source="#mixamorig_Hips-Interpolations"/>
      </sampler>
      <channel source="#mixamorig_Hips-Matrix-animation-transform" target="mixamorig_Hips/matrix"/>
    </animation>
    <animation id="mixamorig_Spine-anim" name="mixamorig_Spine">
      <source id="mixamorig_Spine-Matrix-animation-input">
        <float_array id="mixamorig_Spine-Matrix-animation-input-array" count="31">

0.000000 0.033333 0.066667 0.100000 0.133333 0.166667 0.200000 0.233333 0.266667 0.300000 0.333333 0.366667 0.400000 0.433333 0.466667 0.500000
0.533333 0.566667 0.600000 0.633333 0.666667 0.700000 0.733333 0.766667 0.800000 0.833333 0.866667 0.900000 0.933333 0.966667 1.000000</float_array>
        <technique_common>
          <accessor source="#mixamorig_Spine-Matrix-animation-input-array" count="31">
            <param name="TIME" type="float"/>
          </accessor>
        </technique_common>
      </source>
      <source id="mixamorig_Spine-Matrix-animation-output-transform">
        <float_array id="mixamorig_Spine-Matrix-animation-output-transform-array" count="496">

0.998691 -0.044341 0.025502 -0.000000 0.041223 0.992855 0.111984 10.182400 -0.030285 -0.110787 0.993383 0.000000 0.000000 0.000000 0.000000 1.000000
0.998887 -0.043548 0.018144 -0.000000 0.041308 0.993125 0.109530 10.182400 -0.022789 -0.108659 0.993818 0.000000 0.000000 0.000000 0.000000 1.000000
0.999032 -0.042163 0.012538 -0.000000 0.040569 0.993334 0.107896 10.182400 -0.017003 -0.107283 0.994083 0.000000 0.000000 0.000000 0.000000 1.000000
0.999157 -0.040046 0.008983 -0.000000 0.038853 0.993469 0.107281 10.182400 -0.013221 -0.106842 0.994188 -0.000000 0.000000 0.000000 0.000000 1.000000
0.999286 -0.037460 0.005022 0.000000 0.036709 0.993593 0.106892 10.182400 -0.008994 -0.106631 0.994258 -0.000000 0.000000 0.000000 0.000000 1.000000
0.999495 -0.031721 0.002039 0.000000 0.031325 0.993844 0.106271 10.182400 -0.005398 -0.106153 0.994335 0.000000 0.000000 0.000000 0.000000 1.000000
0.999776 -0.020462 0.005431 0.000000 0.019769 0.994139 0.106288 10.182400 -0.007574 -0.106157 0.994321 -0.000000 0.000000 0.000000 0.000000 1.000000
0.999916 -0.005848 0.011547 0.000000 0.004569 0.994159 0.107829 10.182400 -0.012110 -0.107767 0.994102 0.000000 0.000000 0.000000 0.000000 1.000000
0.999793 0.011384 0.016883 0.000000 -0.013177 0.993816 0.110252 10.182400 -0.015524 -0.110452 0.993760 0.000000 0.000000 0.000000 0.000000 1.000000
0.998003 0.063134 0.002063 0.000000 -0.062959 0.991519 0.113691 10.182400 0.005132 -0.113593 0.993514 -0.000000 0.000000 0.000000 0.000000 1.000000
0.997443 0.071126 0.006981 0.000000 -0.071457 0.990828 0.114693 10.182400 0.001241 -0.114898 0.993376 0.000000 0.000000 0.000000 0.000000 1.000000
0.998603 0.043527 0.029942 0.000000 -0.046618 0.992642 0.111752 10.182400 -0.024857 -0.112991 0.993285 0.000000 0.000000 0.000000 0.000000 1.000000
0.998735 0.020947 0.045714 -0.000000 -0.025802 0.993777 0.108358 10.182400 -0.043160 -0.109400 0.993060 -0.000000 0.000000 0.000000 0.000000 1.000000
0.998712 0.018001 0.047446 0.000000 -0.023010 0.993967 0.107242 10.182400 -0.045229 -0.108196 0.993100 -0.000000 0.000000 0.000000 0.000000 1.000000
0.998907 0.012067 0.045151 0.000000 -0.016939 0.993884 0.109120 10.182400 -0.043558 -0.109765 0.993003 -0.000000 0.000000 0.000000 0.000000 1.000000
0.999071 0.008333 0.042285 0.000000 -0.013001 0.993694 0.111366 10.182400 -0.041090 -0.111812 0.992880 0.000000 0.000000 0.000000 0.000000 1.000000
0.999046 0.001085 0.043655 -0.000000 -0.006019 0.993572 0.113039 10.182400 -0.043251 -0.113194 0.992631 -0.000000 0.000000 0.000000 0.000000 1.000000
0.998780 -0.010521 0.048250 0.000000 0.004919 0.993379 0.114778 10.182400 -0.049138 -0.114401 0.992219 -0.000000 0.000000 0.000000 0.000000 1.000000
0.998288 -0.025200 0.052781 0.000000 0.018841 0.992871 0.117692 10.182400 -0.055371 -0.116496 0.991646 0.000000 0.000000 0.000000 0.000000 1.000000
0.997845 -0.027179 0.059719 -0.000000 0.019807 0.992486 0.120747 10.182400 -0.062552 -0.119304 0.990885 0.000000 0.000000 0.000000 0.000000 1.000000
0.997304 -0.025679 0.068743 0.000000 0.017070 0.992259 0.123007 10.182400 -0.071370 -0.121502 0.990022 0.000000 0.000000 0.000000 0.000000 1.000000
0.996623 -0.028795 0.076905 0.000000 0.019102 0.992107 0.123935 10.182400 -0.079867 -0.122047 0.989306 -0.000000 0.000000 0.000000 0.000000 1.000000
0.995824 -0.040313 0.081909 0.000000 0.029925 0.991792 0.124314 10.182400 -0.086248 -0.121343 0.988856 0.000000 0.000000 0.000000 0.000000 1.000000
0.995385 -0.047899 0.083158 0.000000 0.037315 0.991522 0.124464 10.182400 -0.088415 -0.120786 0.988733 0.000000 0.000000 0.000000 0.000000 1.000000
0.995661 -0.047527 0.080008 0.000000 0.037250 0.991411 0.125370 10.182400 -0.085279 -0.121846 0.988879 -0.000000 0.000000 0.000000 0.000000 1.000000
0.993468 -0.078101 0.083191 0.000000 0.067030 0.989450 0.128439 10.182400 -0.092344 -0.122024 0.988222 0.000000 0.000000 0.000000 0.000000 1.000000
0.994822 -0.074619 0.068997 -0.000000 0.065702 0.990163 0.123530 10.182400 -0.077536 -0.118358 0.989939 -0.000000 0.000000 0.000000 0.000000 1.000000
0.998350 -0.037649 0.043347 0.000000 0.032511 0.992985 0.113680 10.182400 -0.047323 -0.112083 0.992571 0.000000 0.000000 0.000000 0.000000 1.000000
0.998453 -0.042497 0.035861 0.000000 0.038275 0.993066 0.111148 10.182400 -0.040335 -0.109604 0.993157 0.000000 0.000000 0.000000 0.000000 1.000000
0.998478 -0.045826 0.030698 0.000000 0.042082 0.992690 0.113118 10.182400 -0.035657 -0.111654 0.993107 0.000000 0.000000 0.000000 0.000000 1.000000
0.998656 -0.044030 0.027346 0.000000 0.040671 0.992742 0.113178 10.182400 -0.032131 -0.111914 0.993198 0.000000 0.000000 0.000000 0.000000 1.000000</float_array>
        <technique_common>
          <accessor source="#mixamorig_Spine-Matrix-animation-output-transform-array" count="31" stride="16">
            <param type="float4x4"/>
          </accessor>
        </technique_common>
      </source>
      <source id="mixamorig_Spine-Interpolations">
        <Name_array id="mixamorig_Spine-Interpolations-array" count="31">
 LINEAR LINEAR LINEAR LINEAR LINEAR LINEAR LINEAR LINEAR LINEAR LINEAR LINEAR
LINEAR LINEAR LINEAR LINEAR LINEAR LINEAR LINEAR LINEAR LINEAR LINEAR LINEAR LINEAR
LINEAR LINEAR LINEAR LINEAR LINEAR LINEAR LINEAR LINEAR</Name_array>
        <technique_common>
          <accessor source="#mixamorig_Spine-Interpolations-array" count="31">
            <param type="name"/>
          </accessor>
        </technique_common>
      </source>
      <sampler id="mixamorig_Spine-Matrix-animation-transform">
        <input semantic="INPUT" source="#mixamorig_Spine-Matrix-animation-input"/>
        <input semantic="OUTPUT" source="#mixamorig_Spine-Matrix-animation-output-transform"/>
        <input semantic="INTERPOLATION" source="#mixamorig_Spine-Interpolations"/>
      </sampler>
      <channel source="#mixamorig_Spine-Matrix-animation-transform" target="mixamorig_Spine/matrix"/>
    </animation>
    <animation id="mixamorig_Spine1-anim" name="mixamorig_Spine1">
      <source id="mixamorig_Spine1-Matrix-animation-input">
        <float_array id="mixamorig_Spine1-Matrix-animation-input-array" count="31">

0.000000 0.033333 0.066667 0.100000 0.133333 0.166667 0.200000 0.233333 0.266667 0.300000 0.333333 0.366667 0.400000 0.433333 0.466667 0.500000
0.533333 0.566667 0.600000 0.633333 0.666667 0.700000 0.733333 0.766667 0.800000 0.833333 0.866667 0.900000 0.933333 0.966667 1.000000</float_array>
        <technique_common>
          <accessor source="#mixamorig_Spine1-Matrix-animation-input-array" count="31">
            <param name="TIME" type="float"/>
          </accessor>
        </technique_common>
      </source>
      <source id="mixamorig_Spine1-Matrix-animation-output-transform">
        <float_array id="mixamorig_Spine1-Matrix-animation-output-transform-array" count="496">

0.996977 -0.000968 -0.077693 0.000000 -0.002686 0.998895 -0.046918 10.002700 0.077652 0.046985 0.995873 0.000000 0.000000 0.000000 0.000000 1.000000
0.996598 -0.001818 -0.082399 0.000000 -0.002183 0.998824 -0.048434 10.002700 0.082390 0.048450 0.995422 0.000000 0.000000 0.000000 0.000000 1.000000
0.996245 -0.003866 -0.086490 0.000000 -0.000443 0.998761 -0.049753 10.002700 0.086576 0.049605 0.995010 0.000000 0.000000 0.000000 0.000000 1.000000
0.995959 -0.005199 -0.089662 0.000000 0.000681 0.998732 -0.050345 10.002700 0.089810 0.050081 0.994699 0.000000 0.000000 0.000000 0.000000 1.000000
0.995646 -0.004587 -0.093100 -0.000000 -0.000128 0.998720 -0.050574 10.002700 0.093213 0.050366 0.994372 -0.000000 0.000000 0.000000 0.000000 1.000000
0.995331 -0.001847 -0.096505 0.000000 -0.003065 0.998708 -0.050721 10.002700 0.096474 0.050780 0.994039 0.000000 0.000000 0.000000 0.000000 1.000000
0.995213 0.002390 -0.097699 0.000000 -0.007325 0.998713 -0.050177 10.002700 0.097453 0.050652 0.993950 -0.000000 0.000000 0.000000 0.000000 1.000000
0.995378 0.006744 -0.095799 0.000000 -0.011440 0.998755 -0.048554 10.002700 0.095352 0.049426 0.994216 0.000000 0.000000 0.000000 0.000000 1.000000
0.995693 0.011093 -0.092041 0.000000 -0.015443 0.998790 -0.046684 10.002700 0.091412 0.047905 0.994660 0.000000 0.000000 0.000000 0.000000 1.000000
0.996036 0.018035 -0.087109 0.000000 -0.021909 0.998803 -0.043730 10.002700 0.086216 0.045465 0.995239 -0.000000 0.000000 0.000000 0.000000 1.000000
0.996533 0.020337 -0.080671 0.000000 -0.023826 0.998811 -0.042522 10.002700 0.079710 0.044297 0.995833 0.000000 0.000000 0.000000 0.000000 1.000000
0.997196 0.017041 -0.072861 0.000000 -0.020337 0.998792 -0.044733 10.002700 0.072011 0.046089 0.996338 -0.000000 0.000000 0.000000 0.000000 1.000000
0.997761 0.011865 -0.065820 -0.000000 -0.015032 0.998743 -0.047824 10.002700 0.065170 0.048706 0.996685 0.000000 0.000000 0.000000 0.000000 1.000000
0.998000 0.008402 -0.062649 0.000000 -0.011491 0.998727 -0.049114 10.002700 0.062156 0.049736 0.996826 -0.000000 0.000000 0.000000 0.000000 1.000000
0.997964 0.005247 -0.063566 0.000000 -0.008360 0.998774 -0.048800 10.002700 0.063232 0.049232 0.996784 0.000000 0.000000 0.000000 0.000000 1.000000
0.997851 0.002682 -0.065472 0.000000 -0.005860 0.998811 -0.048393 10.002700 0.065264 0.048672 0.996680 0.000000 0.000000 0.000000 0.000000 1.000000
0.997871 0.000647 -0.065214 0.000000 -0.003804 0.998826 -0.048297 10.002700 0.065107 0.048443 0.996702 0.000000 0.000000 0.000000 0.000000 1.000000
0.998034 -0.000593 -0.062664 0.000000 -0.002404 0.998857 -0.047742 10.002700 0.062621 0.047799 0.996892 -0.000000 0.000000 0.000000 0.000000 1.000000
0.998237 -0.001665 -0.059326 -0.000000 -0.001069 0.998940 -0.046024 10.002700 0.059339 0.046006 0.997177 0.000000 0.000000 0.000000 0.000000 1.000000
0.998440 -0.002132 -0.055797 0.000000 -0.000310 0.999044 -0.043721 10.002700 0.055837 0.043670 0.997484 -0.000000 0.000000 0.000000 0.000000 1.000000
0.998593 -0.003280 -0.052928 0.000000 0.001065 0.999124 -0.041826 10.002700 0.053019 0.041711 0.997722 0.000000 0.000000 0.000000 0.000000 1.000000
0.998709 -0.005405 -0.050516 0.000000 0.003343 0.999161 -0.040810 10.002700 0.050694 0.040589 0.997889 -0.000000 0.000000 0.000000 0.000000 1.000000
0.998839 -0.008406 -0.047427 0.000000 0.006484 0.999157 -0.040533 10.002700 0.047727 0.040178 0.998052 0.000000 0.000000 0.000000 0.000000 1.000000
0.998953 -0.010126 -0.044607 -0.000000 0.008300 0.999127 -0.040942 10.002700 0.044982 0.040529 0.998165 0.000000 0.000000 0.000000 0.000000 1.000000
0.998932 -0.009787 -0.045151 0.000000 0.007934 0.999127 -0.041024 10.002700 0.045513 0.040622 0.998137 0.000000 0.000000 0.000000 0.000000 1.000000
0.998613 -0.011003 -0.051492 0.000000 0.008920 0.999139 -0.040507 10.002700 0.051894 0.039992 0.997852 0.000000 0.000000 0.000000 0.000000 1.000000
0.998100 -0.008668 -0.060998 0.000000 0.006054 0.999061 -0.042899 10.002700 0.061312 0.042448 0.997216 0.000000 0.000000 0.000000 0.000000 1.000000
0.997627 -0.003420 -0.068770 0.000000 0.000157 0.998876 -0.047392 10.002700 0.068854 0.047269 0.996506 0.000000 0.000000 0.000000 0.000000 1.000000
0.997295 -0.001995 -0.073473 0.000000 -0.001545 0.998842 -0.048094 10.002700 0.073484 0.048077 0.996137 -0.000000 0.000000 0.000000 0.000000 1.000000
0.997131 -0.000642 -0.075689 0.000000 -0.002856 0.998933 -0.046096 10.002700 0.075638 0.046180 0.996065 0.000000 0.000000 0.000000 0.000000 1.000000
0.997054 -0.000223 -0.076707 0.000000 -0.003315 0.998936 -0.045995 10.002700 0.076635 0.046114 0.995992 0.000000 0.000000 0.000000 0.000000 1.000000</float_array>
        <technique_common>
          <accessor source="#mixamorig_Spine1-Matrix-animation-output-transform-array" count="31" stride="16">
            <param type="float4x4"/>
          </accessor>
        </technique_common>
      </source>
      <source id="mixamorig_Spine1-Interpolations">
        <Name_array id="mixamorig_Spine1-Interpolations-array" count="31">
 LINEAR LINEAR LINEAR LINEAR LINEAR LINEAR LINEAR LINEAR LINEAR LINEAR LINEAR
LINEAR LINEAR LINEAR LINEAR LINEAR LINEAR LINEAR LINEAR LINEAR LINEAR LINEAR LINEAR
LINEAR LINEAR LINEAR LINEAR LINEAR LINEAR LINEAR LINEAR</Name_array>
        <technique_common>
          <accessor source="#mixamorig_Spine1-Interpolations-array" count="31">
            <param type="name"/>
          </accessor>
        </technique_common>
      </source>
      <sampler id="mixamorig_Spine1-Matrix-animation-transform">
        <input semantic="INPUT" source="#mixamorig_Spine1-Matrix-animation-input"/>
        <input semantic="OUTPUT" source="#mixamorig_Spine1-Matrix-animation-output-transform"/>
        <input semantic="INTERPOLATION" source="#mixamorig_Spine1-Interpolations"/>
      </sampler>
      <channel source="#mixamorig_Spine1-Matrix-animation-transform" target="mixamorig_Spine1/matrix"/>
    </animation>
    <animation id="mixamorig_Spine2-anim" name="mixamorig_Spine2">
      <source id="mixamorig_Spine2-Matrix-animation-input">
        <float_array id="mixamorig_Spine2-Matrix-animation-input-array" count="31">

0.000000 0.033333 0.066667 0.100000 0.133333 0.166667 0.200000 0.233333 0.266667 0.300000 0.333333 0.366667 0.400000 0.433333 0.466667 0.500000
0.533333 0.566667 0.600000 0.633333 0.666667 0.700000 0.733333 0.766667 0.800000 0.833333 0.866667 0.900000 0.933333 0.966667 1.000000</float_array>
        <technique_common>
          <accessor source="#mixamorig_Spine2-Matrix-animation-input-array" count="31">
            <param name="TIME" type="float"/>
          </accessor>
        </technique_common>
      </source>
      <source id="mixamorig_Spine2-Matrix-animation-output-transform">
        <float_array id="mixamorig_Spine2-Matrix-animation-output-transform-array" count="496">

0.984969 -0.060730 -0.161702 0.000000 0.047914 0.995479 -0.082010 9.322100 0.165951 0.073029 0.983426 0.000000 0.000000 0.000000 0.000000 1.000000
0.984143 -0.061754 -0.166282 0.000000 0.048332 0.995327 -0.083592 9.322100 0.170668 0.074230 0.982529 -0.000000 0.000000 0.000000 0.000000 1.000000
0.983333 -0.063939 -0.170197 -0.000000 0.049981 0.995120 -0.085072 9.322100 0.174806 0.075147 0.981731 0.000000 0.000000 0.000000 0.000000 1.000000
0.982704 -0.065373 -0.173261 0.000000 0.051071 0.995006 -0.085763 9.322100 0.178002 0.075431 0.981135 0.000000 0.000000 0.000000 0.000000 1.000000
0.982135 -0.064876 -0.176642 0.000000 0.050269 0.995030 -0.085955 9.322100 0.181340 0.075540 0.980515 -0.000000 0.000000 0.000000 0.000000 1.000000
0.981676 -0.062259 -0.180101 0.000000 0.047359 0.995179 -0.085885 9.322100 0.184580 0.075782 0.979892 0.000000 0.000000 0.000000 0.000000 1.000000
0.981660 -0.058088 -0.181575 0.000000 0.043192 0.995449 -0.084944 9.322100 0.185683 0.075543 0.979702 0.000000 0.000000 0.000000 0.000000 1.000000
0.982179 -0.053695 -0.180114 0.000000 0.039240 0.995787 -0.082879 9.322100 0.183805 0.074334 0.980148 0.000000 0.000000 0.000000 0.000000 1.000000
0.983006 -0.049202 -0.176857 0.000000 0.035363 0.996122 -0.080565 9.322100 0.180135 0.072942 0.980934 -0.000000 0.000000 0.000000 0.000000 1.000000
0.984090 -0.042105 -0.172612 -0.000000 0.029152 0.996612 -0.076902 9.322100 0.175265 0.070646 0.981983 -0.000000 0.000000 0.000000 0.000000 1.000000
0.985282 -0.039575 -0.166294 -0.000000 0.027285 0.996768 -0.075552 9.322100 0.168747 0.069903 0.983178 0.000000 0.000000 0.000000 0.000000 1.000000
0.986491 -0.042582 -0.158182 -0.000000 0.030489 0.996479 -0.078109 9.322100 0.160951 0.072231 0.984316 0.000000 0.000000 0.000000 0.000000 1.000000
0.987424 -0.047503 -0.150790 -0.000000 0.035453 0.996033 -0.081621 9.322100 0.154069 0.075249 0.985191 0.000000 0.000000 0.000000 0.000000 1.000000
0.987759 -0.050849 -0.147469 -0.000000 0.038847 0.995779 -0.083154 9.322100 0.151075 0.076408 0.985565 -0.000000 0.000000 0.000000 0.000000 1.000000
0.987462 -0.054015 -0.148327 0.000000 0.041987 0.995659 -0.083063 9.322100 0.152170 0.075794 0.985444 -0.000000 0.000000 0.000000 0.000000 1.000000
0.987020 -0.056616 -0.150285 -0.000000 0.044496 0.995571 -0.082818 9.322100 0.154308 0.075056 0.985168 -0.000000 0.000000 0.000000 0.000000 1.000000
0.986936 -0.058620 -0.150072 -0.000000 0.046523 0.995472 -0.082887 9.322100 0.154251 0.074823 0.985194 0.000000 0.000000 0.000000 0.000000 1.000000
0.987256 -0.059781 -0.147486 0.000000 0.047952 0.995437 -0.082497 9.322100 0.151745 0.074373 0.985618 0.000000 0.000000 0.000000 0.000000 1.000000
0.987715 -0.060759 -0.143972 0.000000 0.049435 0.995490 -0.080969 9.322100 0.148242 0.072857 0.986264 0.000000 0.000000 0.000000 0.000000 1.000000
0.988218 -0.061129 -0.140316 0.000000 0.050402 0.995618 -0.078773 9.322100 0.144517 0.070773 0.986968 0.000000 0.000000 0.000000 0.000000 1.000000
0.988572 -0.062195 -0.137322 0.000000 0.051943 0.995676 -0.077020 9.322100 0.141518 0.069007 0.987528 0.000000 0.000000 0.000000 0.000000 1.000000
0.988798 -0.064245 -0.134729 0.000000 0.054304 0.995612 -0.076205 9.322100 0.139034 0.068035 0.987948 0.000000 0.000000 0.000000 0.000000 1.000000
0.989064 -0.067137 -0.131319 0.000000 0.057457 0.995438 -0.076170 9.322100 0.135834 0.067791 0.988410 0.000000 0.000000 0.000000 0.000000 1.000000
0.989347 -0.068766 -0.128309 0.000000 0.059232 0.995294 -0.076695 9.322100 0.132979 0.068278 0.988764 0.000000 0.000000 0.000000 0.000000 1.000000
0.989287 -0.068459 -0.128938 0.000000 0.058870 0.995310 -0.076766 9.322100 0.133588 0.068353 0.988677 0.000000 0.000000 0.000000 0.000000 1.000000
0.988375 -0.069847 -0.135043 0.000000 0.059895 0.995276 -0.076410 9.322100 0.139742 0.067433 0.987889 0.000000 0.000000 0.000000 0.000000 1.000000
0.987181 -0.067788 -0.144496 0.000000 0.056828 0.995280 -0.078672 9.322100 0.149147 0.069452 0.986373 0.000000 0.000000 0.000000 0.000000 1.000000
0.986301 -0.062809 -0.152527 0.000000 0.050592 0.995289 -0.082701 9.322100 0.157003 0.073852 0.984833 0.000000 0.000000 0.000000 0.000000 1.000000
0.985647 -0.061581 -0.157187 0.000000 0.048899 0.995323 -0.083319 9.322100 0.161583 0.074437 0.984048 0.000000 0.000000 0.000000 0.000000 1.000000
0.985345 -0.060334 -0.159545 0.000000 0.047808 0.995549 -0.081222 9.322100 0.163736 0.072404 0.983844 0.000000 0.000000 0.000000 0.000000 1.000000
0.985177 -0.059953 -0.160725 0.000000 0.047365 0.995585 -0.081043 9.322100 0.164874 0.072229 0.983666 0.000000 0.000000 0.000000 0.000000 1.000000</float_array>
        <technique_common>
          <accessor source="#mixamorig_Spine2-Matrix-animation-output-transform-array" count="31" stride="16">
            <param type="float4x4"/>
          </accessor>
        </technique_common>
      </source>
      <source id="mixamorig_Spine2-Interpolations">
        <Name_array id="mixamorig_Spine2-Interpolations-array" count="31">
 LINEAR LINEAR LINEAR LINEAR LINEAR LINEAR LINEAR LINEAR LINEAR LINEAR LINEAR
LINEAR LINEAR LINEAR LINEAR LINEAR LINEAR LINEAR LINEAR LINEAR LINEAR LINEAR LINEAR
LINEAR LINEAR LINEAR LINEAR LINEAR LINEAR LINEAR LINEAR</Name_array>
        <technique_common>
          <accessor source="#mixamorig_Spine2-Interpolations-array" count="31">
            <param type="name"/>
          </accessor>
        </technique_common>
      </source>
      <sampler id="mixamorig_Spine2-Matrix-animation-transform">
        <input semantic="INPUT" source="#mixamorig_Spine2-Matrix-animation-input"/>
        <input semantic="OUTPUT" source="#mixamorig_Spine2-Matrix-animation-output-transform"/>
        <input semantic="INTERPOLATION" source="#mixamorig_Spine2-Interpolations"/>
      </sampler>
      <channel source="#mixamorig_Spine2-Matrix-animation-transform" target="mixamorig_Spine2/matrix"/>
    </animation>
    <animation id="mixamorig_Neck-anim" name="mixamorig_Neck">
      <source id="mixamorig_Neck-Matrix-animation-input">
        <float_array id="mixamorig_Neck-Matrix-animation-input-array" count="31">

0.000000 0.033333 0.066667 0.100000 0.133333 0.166667 0.200000 0.233333 0.266667 0.300000 0.333333 0.366667 0.400000 0.433333 0.466667 0.500000
0.533333 0.566667 0.600000 0.633333 0.666667 0.700000 0.733333 0.766667 0.800000 0.833333 0.866667 0.900000 0.933333 0.966667 1.000000</float_array>
        <technique_common>
          <accessor source="#mixamorig_Neck-Matrix-animation-input-array" count="31">
            <param name="TIME" type="float"/>
          </accessor>
        </technique_common>
      </source>
      <source id="mixamorig_Neck-Matrix-animation-output-transform">
        <float_array id="mixamorig_Neck-Matrix-animation-output-transform-array" count="496">

0.989933 0.061734 0.127366 -0.000000 -0.034255 0.977614 -0.207601 16.865299 -0.137331 0.201148 0.969886 0.000000 0.000000 0.000000 0.000000 1.000000
0.989901 0.061723 0.127621 0.000000 -0.034140 0.977539 -0.207972 16.865299 -0.137592 0.201514 0.969773 -0.000000 0.000000 0.000000 0.000000 1.000000
0.989661 0.064060 0.128323 -0.000000 -0.036291 0.977442 -0.208063 16.865299 -0.138757 0.201255 0.969661 -0.000000 0.000000 0.000000 0.000000 1.000000
0.989370 0.066496 0.129325 0.000000 -0.038465 0.977320 -0.208246 16.865299 -0.140240 0.201058 0.969489 0.000000 0.000000 0.000000 0.000000 1.000000
0.989153 0.067609 0.130402 0.000000 -0.039411 0.977378 -0.207794 16.865299 -0.141501 0.200401 0.969442 -0.000000 0.000000 0.000000 0.000000 1.000000
0.988998 0.066719 0.132030 -0.000000 -0.038356 0.977647 -0.206727 16.865299 -0.142871 0.199388 0.969449 0.000000 0.000000 0.000000 0.000000 1.000000
0.988895 0.063328 0.134445 0.000000 -0.034584 0.977891 -0.206237 16.865299 -0.144533 0.199297 0.969222 -0.000000 0.000000 0.000000 0.000000 1.000000
0.988887 0.057801 0.136973 0.000000 -0.028605 0.978086 -0.206225 16.865299 -0.145891 0.200015 0.968870 -0.000000 0.000000 0.000000 0.000000 1.000000
0.989018 0.050416 0.138933 0.000000 -0.021032 0.978463 -0.205346 16.865299 -0.146294 0.200168 0.968778 0.000000 0.000000 0.000000 0.000000 1.000000
0.989196 0.041762 0.140523 -0.000000 -0.012198 0.978688 -0.204990 16.865299 -0.146089 0.201061 0.968624 0.000000 0.000000 0.000000 0.000000 1.000000
0.989314 0.040882 0.139951 0.000000 -0.011441 0.978691 -0.205020 16.865299 -0.145351 0.201228 0.968700 0.000000 0.000000 0.000000 0.000000 1.000000
0.989302 0.047076 0.138074 0.000000 -0.017872 0.978481 -0.205561 16.865299 -0.144780 0.200894 0.968855 0.000000 0.000000 0.000000 0.000000 1.000000
0.989140 0.054153 0.136636 0.000000 -0.024969 0.978049 -0.206872 16.865299 -0.144839 0.201214 0.968780 0.000000 0.000000 0.000000 0.000000 1.000000
0.989056 0.056977 0.136095 -0.000000 -0.027754 0.977806 -0.207668 16.865299 -0.144906 0.201618 0.968686 -0.000000 0.000000 0.000000 0.000000 1.000000
0.989039 0.058340 0.135637 0.000000 -0.029166 0.977723 -0.207862 16.865299 -0.144742 0.201627 0.968708 0.000000 0.000000 0.000000 0.000000 1.000000
0.988847 0.061056 0.135847 0.000000 -0.031868 0.977723 -0.207464 16.865299 -0.145488 0.200821 0.968764 -0.000000 0.000000 0.000000 0.000000 1.000000
0.988601 0.064417 0.136085 -0.000000 -0.035170 0.977648 -0.207285 16.865299 -0.146396 0.200136 0.968769 0.000000 0.000000 0.000000 0.000000 1.000000
0.988664 0.065412 0.135145 0.000000 -0.036149 0.977335 -0.208591 16.865299 -0.145727 0.201341 0.968620 0.000000 0.000000 0.000000 0.000000 1.000000
0.988944 0.064878 0.133345 0.000000 -0.035660 0.976874 -0.210819 16.865299 -0.143939 0.203733 0.968388 0.000000 0.000000 0.000000 0.000000 1.000000
0.989193 0.063873 0.131977 0.000000 -0.034829 0.976723 -0.211659 16.865299 -0.142424 0.204775 0.968392 -0.000000 0.000000 0.000000 0.000000 1.000000
0.989353 0.063416 0.130991 0.000000 -0.034671 0.976858 -0.211060 16.865299 -0.141344 0.204271 0.968656 0.000000 0.000000 0.000000 0.000000 1.000000
0.989456 0.064285 0.129788 0.000000 -0.035747 0.976772 -0.211281 16.865299 -0.140356 0.204413 0.968770 0.000000 0.000000 0.000000 0.000000 1.000000
0.989436 0.067684 0.128204 0.000000 -0.039063 0.976088 -0.213838 16.865299 -0.139611 0.206571 0.968420 0.000000 0.000000 0.000000 0.000000 1.000000
0.989192 0.072412 0.127501 0.000000 -0.043539 0.975387 -0.216160 16.865299 -0.140016 0.208272 0.967997 0.000000 0.000000 0.000000 0.000000 1.000000
0.988676 0.077095 0.128750 0.000000 -0.048017 0.975362 -0.215322 16.865299 -0.142178 0.206701 0.968019 -0.000000 0.000000 0.000000 0.000000 1.000000
0.988143 0.081808 0.129927 0.000000 -0.052802 0.975679 -0.212750 16.865299 -0.144172 0.203367 0.968430 0.000000 0.000000 0.000000 0.000000 1.000000
0.988409 0.077270 0.130678 0.000000 -0.048852 0.976881 -0.208130 16.865299 -0.143739 0.199334 0.969332 -0.000000 0.000000 0.000000 0.000000 1.000000
0.989182 0.067085 0.130459 0.000000 -0.039336 0.978040 -0.204673 16.865299 -0.141324 0.197327 0.970098 0.000000 0.000000 0.000000 0.000000 1.000000
0.989499 0.064697 0.129248 -0.000000 -0.036833 0.977572 -0.207355 16.865299 -0.139765 0.200417 0.969690 0.000000 0.000000 0.000000 0.000000 1.000000
0.989525 0.064787 0.129011 0.000000 -0.036498 0.976884 -0.210634 16.865299 -0.139675 0.203718 0.969015 -0.000000 0.000000 0.000000 0.000000 1.000000
0.989769 0.062882 0.128076 0.000000 -0.034973 0.977182 -0.209506 16.865299 -0.138327 0.202884 0.969383 0.000000 0.000000 0.000000 0.000000 1.000000</float_array>
        <technique_common>
          <accessor source="#mixamorig_Neck-Matrix-animation-output-transform-array" count="31" stride="16">
            <param type="float4x4"/>
          </accessor>
        </technique_common>
      </source>
      <source id="mixamorig_Neck-Interpolations">
        <Name_array id="mixamorig_Neck-Interpolations-array" count="31">
 LINEAR LINEAR LINEAR LINEAR LINEAR LINEAR LINEAR LINEAR LINEAR LINEAR LINEAR
LINEAR LINEAR LINEAR LINEAR LINEAR LINEAR LINEAR LINEAR LINEAR LINEAR LINEAR LINEAR
LINEAR LINEAR LINEAR LINEAR LINEAR LINEAR LINEAR LINEAR</Name_array>
        <technique_common>
          <accessor source="#mixamorig_Neck-Interpolations-array" count="31">
            <param type="name"/>
          </accessor>
        </technique_common>
      </source>
      <sampler id="mixamorig_Neck-Matrix-animation-transform">
        <input semantic="INPUT" source="#mixamorig_Neck-Matrix-animation-input"/>
        <input semantic="OUTPUT" source="#mixamorig_Neck-Matrix-animation-output-transform"/>
        <input semantic="INTERPOLATION" source="#mixamorig_Neck-Interpolations"/>
      </sampler>
      <channel source="#mixamorig_Neck-Matrix-animation-transform" target="mixamorig_Neck/matrix"/>
    </animation>
    <animation id="mixamorig_Head-anim" name="mixamorig_Head">
      <source id="mixamorig_Head-Matrix-animation-input">
        <float_array id="mixamorig_Head-Matrix-animation-input-array" count="31">

0.000000 0.033333 0.066667 0.100000 0.133333 0.166667 0.200000 0.233333 0.266667 0.300000 0.333333 0.366667 0.400000 0.433333 0.466667 0.500000
0.533333 0.566667 0.600000 0.633333 0.666667 0.700000 0.733333 0.766667 0.800000 0.833333 0.866667 0.900000 0.933333 0.966667 1.000000</float_array>
        <technique_common>
          <accessor source="#mixamorig_Head-Matrix-animation-input-array" count="31">
            <param name="TIME" type="float"/>
          </accessor>
        </technique_common>
      </source>
      <source id="mixamorig_Head-Matrix-animation-output-transform">
        <float_array id="mixamorig_Head-Matrix-animation-output-transform-array" count="496">

0.929854 -0.175097 0.323593 -0.000000 0.179140 0.983668 0.017503 9.341900 -0.321373 0.041694 0.946034 2.841000 0.000000 0.000000 0.000000 1.000000
0.930755 -0.176743 0.320088 0.000000 0.180891 0.983357 0.016986 9.341900 -0.317763 0.042091 0.947236 2.841000 0.000000 0.000000 0.000000 1.000000
0.931503 -0.175543 0.318570 0.000000 0.180933 0.983412 0.012841 9.341900 -0.315540 0.045678 0.947812 2.841000 0.000000 0.000000 0.000000 1.000000
0.931651 -0.175088 0.318388 0.000000 0.182144 0.983241 0.007722 9.341900 -0.314405 0.050799 0.947929 2.841000 0.000000 0.000000 0.000000 1.000000
0.931252 -0.176862 0.318576 0.000000 0.185053 0.982718 0.004629 9.341900 -0.313889 0.054642 0.947886 2.841000 0.000000 0.000000 0.000000 1.000000
0.929310 -0.182559 0.321020 0.000000 0.190249 0.981707 0.007536 9.341900 -0.316524 0.054071 0.947042 2.841000 0.000000 0.000000 0.000000 1.000000
0.924828 -0.195679 0.326195 0.000000 0.200997 0.979432 0.017680 9.341900 -0.322946 0.049213 0.945137 2.841000 0.000000 0.000000 0.000000 1.000000
0.918430 -0.212890 0.333413 0.000000 0.214712 0.976158 0.031841 9.341900 -0.332242 0.042344 0.942243 2.841000 0.000000 0.000000 0.000000 1.000000
0.911509 -0.230784 0.340427 -0.000000 0.228609 0.972379 0.047088 9.341900 -0.341891 0.034904 0.939091 2.841000 0.000000 0.000000 0.000000 1.000000
0.904412 -0.252450 0.343959 0.000000 0.246064 0.967212 0.062882 9.341900 -0.348555 0.027764 0.936877 2.841000 0.000000 0.000000 0.000000 1.000000
0.902601 -0.259748 0.343281 -0.000000 0.247713 0.965583 0.079300 9.341900 -0.352064 0.013459 0.935879 2.841000 0.000000 0.000000 0.000000 1.000000
0.905140 -0.249623 0.344108 -0.000000 0.232200 0.968338 0.091674 9.341900 -0.356097 -0.003075 0.934444 2.841000 0.000000 0.000000 0.000000 1.000000
0.907275 -0.234109 0.349349 0.000000 0.215169 0.972169 0.092675 9.341900 -0.361323 -0.008912 0.932398 2.841000 0.000000 0.000000 0.000000 1.000000
0.907722 -0.222558 0.355680 0.000000 0.205677 0.974911 0.085122 9.341900 -0.365701 -0.004111 0.930723 2.841000 0.000000 0.000000 0.000000 1.000000
0.909370 -0.211574 0.358167 0.000000 0.197296 0.977361 0.076415 9.341900 -0.366226 0.001176 0.930525 2.841000 0.000000 0.000000 0.000000 1.000000
0.911269 -0.202819 0.358405 -0.000000 0.190111 0.979209 0.070759 9.341900 -0.365305 0.003657 0.930881 2.841000 0.000000 0.000000 0.000000 1.000000
0.912609 -0.195396 0.359116 0.000000 0.184574 0.980697 0.064547 9.341900 -0.364796 0.007378 0.931058 2.841000 0.000000 0.000000 0.000000 1.000000
0.913894 -0.187003 0.360316 0.000000 0.179695 0.982239 0.054008 9.341900 -0.364016 0.015389 0.931265 2.841000 0.000000 0.000000 0.000000 1.000000
0.915125 -0.177957 0.361770 -0.000000 0.175248 0.983688 0.040577 9.341900 -0.363090 0.026266 0.931384 2.841000 0.000000 0.000000 0.000000 1.000000
0.915192 -0.170858 0.365008 -0.000000 0.172390 0.984612 0.028655 9.341900 -0.364287 0.036699 0.930563 2.841000 0.000000 0.000000 0.000000 1.000000
0.914989 -0.164467 0.368436 0.000000 0.169304 0.985373 0.019405 9.341900 -0.366238 0.044623 0.929451 2.841000 0.000000 0.000000 0.000000 1.000000
0.915899 -0.160467 0.367939 0.000000 0.167205 0.985827 0.013725 9.341900 -0.364927 0.048950 0.929748 2.841000 0.000000 0.000000 0.000000 1.000000
0.917863 -0.157832 0.364167 0.000000 0.165093 0.986213 0.011322 9.341900 -0.360933 0.049729 0.931265 2.841000 0.000000 0.000000 0.000000 1.000000
0.919451 -0.157532 0.360268 0.000000 0.164240 0.986346 0.012130 9.341900 -0.357259 0.048017 0.932770 2.841000 0.000000 0.000000 0.000000 1.000000
0.919982 -0.161098 0.357324 -0.000000 0.167677 0.985760 0.012716 9.341900 -0.354284 0.048216 0.933894 2.841000 0.000000 0.000000 0.000000 1.000000
0.921402 -0.161069 0.353660 -0.000000 0.167887 0.985739 0.011538 9.341900 -0.350475 0.048744 0.935303 2.841000 0.000000 0.000000 0.000000 1.000000
0.921675 -0.169506 0.348974 0.000000 0.172872 0.984705 0.021725 9.341900 -0.347319 0.040305 0.936881 2.841000 0.000000 0.000000 0.000000 1.000000
0.921890 -0.183396 0.341299 0.000000 0.182839 0.982551 0.034103 9.341900 -0.341598 0.030963 0.939336 2.841000 0.000000 0.000000 0.000000 1.000000
0.924764 -0.183712 0.333258 0.000000 0.184429 0.982395 0.029778 9.341900 -0.332861 0.033924 0.942365 2.841000 0.000000 0.000000 0.000000 1.000000
0.926718 -0.181392 0.329077 0.000000 0.184661 0.982565 0.021578 9.341900 -0.327253 0.040771 0.944057 2.841000 0.000000 0.000000 0.000000 1.000000
0.928705 -0.178207 0.325191 -0.000000 0.182163 0.983094 0.018506 9.341900 -0.322991 0.042051 0.945467 2.841000 0.000000 0.000000 0.000000 1.000000</float_array>
        <technique_common>
          <accessor source="#mixamorig_Head-Matrix-animation-output-transform-array" count="31" stride="16">
            <param type="float4x4"/>
          </accessor>
