<?xml version="1.0" encoding="utf-8"?>
<COLLADA xmlns="http://www.collada.org/2005/11/COLLADASchema" version="1.4.1">
  <asset>
    <contributor>
      <author>Mixamo</author>
      <authoring_tool>COLLADA Mixamo exporter</authoring_tool>
      <comments/>
    </contributor>
    <created>2024-04-17T17:07:42Z</created>
    <modified>2024-04-17T17:07:42Z</modified>
    <revision/>
    <title/>
    <unit meter="0.010000"/>
    <up_axis>Y_UP</up_axis>
  </asset>
  <library_animations>
    <animation id="mixamorig_Hips-anim" name="mixamorig_Hips">
      <source id="mixamorig_Hips-Matrix-animation-input">
        <float_array id="mixamorig_Hips-Matrix-animation-input-array" count="17">

0.000000 0.033333 0.066667 0.100000 0.133333 0.166667 0.200000 0.233333 0.266667 0.300000 0.333333 0.366667 0.400000 0.433333 0.466667 0.500000
0.533333</float_array>
        <technique_common>
          <accessor source="#mixamorig_Hips-Matrix-animation-input-array" count="17">
            <param name="TIME" type="float"/>
          </accessor>
        </technique_common>
      </source>
      <source id="mixamorig_Hips-Matrix-animation-output-transform">
        <float_array id="mixamorig_Hips-Matrix-animation-output-transform-array" count="272">

0.998257 -0.005174 0.058788 0.221704 0.020633 0.963881 -0.265533 89.590927 -0.055291 0.266283 0.962308 2.592256 0.000000 0.000000 0.000000 1.000000
0.999993 -0.003254 -0.002052 0.533181 0.002686 0.972448 -0.233104 88.299469 0.002754 0.233096 0.972450 -7.911410 0.000000 0.000000 0.000000 1.000000
0.998924 0.014950 -0.043895 0.905198 -0.023835 0.977520 -0.209492 89.234161 0.039776 0.210313 0.976825 -18.640232 0.000000 0.000000 0.000000 1.000000
0.997769 0.029572 -0.059849 1.286642 -0.041800 0.975783 -0.214712 91.821884 0.052050 0.216735 0.974842 -30.199768 0.000000 0.000000 0.000000 1.000000
0.998235 0.013344 -0.057867 1.519454 -0.027537 0.967347 -0.251957 93.912758 0.052615 0.253106 0.966007 -42.078472 0.000000 0.000000 0.000000 1.000000
0.992384 0.032359 -0.118853 1.802233 -0.066525 0.952857 -0.296037 94.712547 0.103671 0.301689 0.947753 -54.181152 0.000000 0.000000 0.000000 1.000000
0.983801 0.043501 -0.173908 1.837770 -0.096460 0.946156 -0.309005 93.887840 0.151102 0.320774 0.935025 -66.108612 0.000000 0.000000 0.000000 1.000000
0.980198 0.056692 -0.189731 1.739026 -0.110327 0.952003 -0.285515 91.690475 0.164438 0.300794 0.939406 -77.630493 0.000000 0.000000 0.000000 1.000000
0.983325 0.081578 -0.162532 1.742099 -0.121542 0.959622 -0.253679 89.899765 0.135275 0.269203 0.953536 -88.761444 0.000000 0.000000 0.000000 1.000000
0.986879 0.107490 -0.120479 1.807477 -0.132657 0.965161 -0.225534 89.663094 0.092039 0.238557 0.966757 -99.412804 0.000000 0.000000 0.000000 1.000000
0.992049 0.091129 -0.086805 1.531684 -0.107607 0.971867 -0.209510 91.149376 0.065271 0.217185 0.973946 -110.575508 0.000000 0.000000 0.000000 1.000000
0.996375 0.059064 -0.061228 1.058431 -0.071268 0.972531 -0.221597 93.984673 0.046457 0.225157 0.973214 -122.849686 0.000000 0.000000 0.000000 1.000000
0.989522 0.101545 -0.102641 0.940223 -0.124650 0.959564 -0.252389 95.934906 0.072862 0.262539 0.962167 -134.868317 0.000000 0.000000 0.000000 1.000000
0.989313 0.112332 -0.092955 0.697914 -0.134930 0.946939 -0.291721 96.451569 0.055253 0.301146 0.951976 -147.097107 0.000000 0.000000 0.000000 1.000000
0.997801 0.064133 0.016743 0.321740 -0.055629 0.947618 -0.314524 95.058899 -0.036037 0.312901 0.949102 -159.423141 0.000000 0.000000 0.000000 1.000000
0.997601 0.052003 0.045690 0.333972 -0.036182 0.954416 -0.296278 92.268585 -0.059014 0.293914 0.954008 -170.946655 0.000000 0.000000 0.000000 1.000000
0.998257 -0.005174 0.058788 0.221698 0.020634 0.963881 -0.265533 89.590927 -0.055291 0.266283 0.962308 -181.932373 0.000000 0.000000 0.000000 1.000000</float_array>
        <technique_common>
          <accessor source="#mixamorig_Hips-Matrix-animation-output-transform-array" count="17" stride="16">
            <param type="float4x4"/>
          </accessor>
        </technique_common>
      </source>
      <source id="mixamorig_Hips-Interpolations">
        <Name_array id="mixamorig_Hips-Interpolations-array" count="17">
 LINEAR LINEAR LINEAR LINEAR LINEAR LINEAR LINEAR LINEAR LINEAR LINEAR LINEAR
LINEAR LINEAR LINEAR LINEAR LINEAR LINEAR</Name_array>
        <technique_common>
          <accessor source="#mixamorig_Hips-Interpolations-array" count="17">
            <param type="name"/>
          </accessor>
        </technique_common>
      </source>
      <sampler id="mixamorig_Hips-Matrix-animation-transform">
        <input semantic="INPUT" source="#mixamorig_Hips-Matrix-animation-input"/>
        <input semantic="OUTPUT" source="#mixamorig_Hips-Matrix-animation-output-transform"/>
        <input semantic="INTERPOLATION" source="#mixamorig_Hips-Interpolations"/>
      </sampler>
      <channel source="#mixamorig_Hips-Matrix-animation-transform" target="mixamorig_Hips/matrix"/>
    </animation>
    <animation id="mixamorig_Spine-anim" name="mixamorig_Spine">
      <source id="mixamorig_Spine-Matrix-animation-input">
        <float_array id="mixamorig_Spine-Matrix-animation-input-array" count="17">

0.000000 0.033333 0.066667 0.100000 0.133333 0.166667 0.200000 0.233333 0.266667 0.300000 0.333333 0.366667 0.400000 0.433333 0.466667 0.500000
0.533333</float_array>
        <technique_common>
          <accessor source="#mixamorig_Spine-Matrix-animation-input-array" count="17">
            <param name="TIME" type="float"/>
          </accessor>
        </technique_common>
      </source>
      <source id="mixamorig_Spine-Matrix-animation-output-transform">
        <float_array id="mixamorig_Spine-Matrix-animation-output-transform-array" count="272">

0.999081 -0.034388 -0.025601 0.000000 0.036999 0.993273 0.109725 10.182400 0.021655 -0.110571 0.993632 0.000000 0.000000 0.000000 0.000000 1.000000
0.998971 -0.040526 -0.020338 -0.000000 0.042426 0.993691 0.103816 10.182400 0.016002 -0.104572 0.994389 0.000000 0.000000 0.000000 0.000000 1.000000
0.998164 -0.050204 -0.033884 0.000000 0.053334 0.993671 0.098865 10.182400 0.028706 -0.100491 0.994524 0.000000 0.000000 0.000000 0.000000 1.000000
0.997100 -0.049265 -0.058002 -0.000000 0.054765 0.993735 0.097420 10.182400 0.052839 -0.100314 0.993552 0.000000 0.000000 0.000000 0.000000 1.000000
0.996087 -0.014512 -0.087173 -0.000000 0.024057 0.993700 0.109461 10.182400 0.085036 -0.111130 0.990161 0.000000 0.000000 0.000000 0.000000 1.000000
0.997854 -0.035094 -0.055271 0.000000 0.041533 0.991901 0.120028 10.182400 0.050612 -0.122066 0.991231 -0.000000 0.000000 0.000000 0.000000 1.000000
0.998696 -0.048452 -0.016090 0.000000 0.050031 0.991583 0.119415 10.182400 0.010168 -0.120064 0.992714 0.000000 0.000000 0.000000 0.000000 1.000000
0.998223 -0.058801 0.009631 0.000000 0.057396 0.992323 0.109544 10.182400 -0.015999 -0.108796 0.993935 -0.000000 0.000000 0.000000 0.000000 1.000000
0.996092 -0.086729 0.016706 0.000000 0.084631 0.991336 0.100454 10.182400 -0.025274 -0.098648 0.994801 -0.000000 0.000000 0.000000 0.000000 1.000000
0.991883 -0.125992 0.017159 0.000000 0.123714 0.987394 0.098733 10.182400 -0.029382 -0.095809 0.994966 0.000000 0.000000 0.000000 0.000000 1.000000
0.992214 -0.122048 0.024833 0.000000 0.119021 0.987879 0.099641 10.182400 -0.036693 -0.095910 0.994714 -0.000000 0.000000 0.000000 0.000000 1.000000
0.994315 -0.100438 0.035367 0.000000 0.096390 0.990117 0.101873 10.182400 -0.045250 -0.097885 0.994169 0.000000 0.000000 0.000000 0.000000 1.000000
0.980835 -0.168041 0.098612 0.000000 0.156025 0.980554 0.119035 10.182400 -0.116698 -0.101368 0.987981 0.000000 0.000000 0.000000 0.000000 1.000000
0.976242 -0.182040 0.117526 0.000000 0.166684 0.977474 0.129465 10.182400 -0.138447 -0.106800 0.984594 0.000000 0.000000 0.000000 0.000000 1.000000
0.992942 -0.112544 0.037427 -0.000000 0.107281 0.986813 0.121204 10.182400 -0.050574 -0.116333 0.991922 0.000000 0.000000 0.000000 0.000000 1.000000
0.995036 -0.099305 0.006406 0.000000 0.097959 0.988805 0.112553 10.182400 -0.017511 -0.111367 0.993625 -0.000000 0.000000 0.000000 0.000000 1.000000
0.999081 -0.034387 -0.025601 -0.000000 0.036999 0.993273 0.109725 10.182400 0.021656 -0.110571 0.993632 0.000000 0.000000 0.000000 0.000000 1.000000</float_array>
        <technique_common>
          <accessor source="#mixamorig_Spine-Matrix-animation-output-transform-array" count="17" stride="16">
            <param type="float4x4"/>
          </accessor>
        </technique_common>
      </source>
      <source id="mixamorig_Spine-Interpolations">
        <Name_array id="mixamorig_Spine-Interpolations-array" count="17">
 LINEAR LINEAR LINEAR LINEAR LINEAR LINEAR LINEAR LINEAR LINEAR LINEAR LINEAR
LINEAR LINEAR LINEAR LINEAR LINEAR LINEAR</Name_array>
        <technique_common>
          <accessor source="#mixamorig_Spine-Interpolations-array" count="17">
            <param type="name"/>
          </accessor>
        </technique_common>
      </source>
      <sampler id="mixamorig_Spine-Matrix-animation-transform">
        <input semantic="INPUT" source="#mixamorig_Spine-Matrix-animation-input"/>
        <input semantic="OUTPUT" source="#mixamorig_Spine-Matrix-animation-output-transform"/>
        <input semantic="INTERPOLATION" source="#mixamorig_Spine-Interpolations"/>
      </sampler>
      <channel source="#mixamorig_Spine-Matrix-animation-transform" target="mixamorig_Spine/matrix"/>
    </animation>
    <animation id="mixamorig_Spine1-anim" name="mixamorig_Spine1">
      <source id="mixamorig_Spine1-Matrix-animation-input">
        <float_array id="mixamorig_Spine1-Matrix-animation-input-array" count="17">

0.000000 0.033333 0.066667 0.100000 0.133333 0.166667 0.200000 0.233333 0.266667 0.300000 0.333333 0.366667 0.400000 0.433333 0.466667 0.500000
0.533333</float_array>
        <technique_common>
          <accessor source="#mixamorig_Spine1-Matrix-animation-input-array" count="17">
            <param name="TIME" type="float"/>
          </accessor>
        </technique_common>
      </source>
      <source id="mixamorig_Spine1-Matrix-animation-output-transform">
        <float_array id="mixamorig_Spine1-Matrix-animation-output-transform-array" count="272">

0.947397 0.011115 -0.319867 0.000000 -0.026460 0.998696 -0.043668 10.002700 0.318965 0.049835 0.946455 0.000000 0.000000 0.000000 0.000000 1.000000
0.948977 0.007675 -0.315251 0.000000 -0.024293 0.998512 -0.048818 10.002700 0.314407 0.053986 0.947752 0.000000 0.000000 0.000000 0.000000 1.000000
0.946909 0.003290 -0.321486 0.000000 -0.021773 0.998308 -0.053914 10.002700 0.320765 0.058051 0.945378 0.000000 0.000000 0.000000 0.000000 1.000000
0.943382 0.000444 -0.331709 0.000000 -0.020316 0.998199 -0.056444 10.002700 0.331087 0.059987 0.941692 0.000000 0.000000 0.000000 0.000000 1.000000
0.943151 0.000434 -0.332365 -0.000000 -0.016791 0.998784 -0.046344 10.002700 0.331940 0.049290 0.942012 0.000000 0.000000 0.000000 0.000000 1.000000
0.947784 -0.000368 -0.318911 0.000000 -0.011936 0.999258 -0.036627 10.002700 0.318688 0.038521 0.947077 0.000000 0.000000 0.000000 0.000000 1.000000
0.953686 0.004316 -0.300772 0.000000 -0.016640 0.999123 -0.038423 10.002700 0.300342 0.041648 0.952922 0.000000 0.000000 0.000000 0.000000 1.000000
0.956466 0.009484 -0.291691 0.000000 -0.024682 0.998520 -0.048469 10.002700 0.290799 0.053559 0.955284 0.000000 0.000000 0.000000 0.000000 1.000000
0.956295 0.011488 -0.292178 0.000000 -0.029373 0.997948 -0.056902 10.002700 0.290924 0.062997 0.954670 0.000000 0.000000 0.000000 0.000000 1.000000
0.956583 0.010451 -0.291271 -0.000000 -0.028624 0.997895 -0.058200 10.002700 0.290050 0.064010 0.954868 0.000000 0.000000 0.000000 0.000000 1.000000
0.958404 0.010973 -0.285205 0.000000 -0.028694 0.997902 -0.058028 10.002700 0.283970 0.063798 0.956708 0.000000 0.000000 0.000000 0.000000 1.000000
0.959236 0.013273 -0.282294 0.000000 -0.030633 0.997894 -0.057172 10.002700 0.280941 0.063489 0.957623 0.000000 0.000000 0.000000 0.000000 1.000000
0.957434 0.009711 -0.288489 0.000000 -0.024206 0.998615 -0.046720 10.002700 0.287636 0.051714 0.956343 0.000000 0.000000 0.000000 0.000000 1.000000
0.953305 0.007697 -0.301911 -0.000000 -0.019535 0.999153 -0.036212 10.002700 0.301377 0.040419 0.952648 0.000000 0.000000 0.000000 0.000000 1.000000
0.948946 0.008698 -0.315318 0.000000 -0.021161 0.999123 -0.036124 10.002700 0.314727 0.040952 0.948298 0.000000 0.000000 0.000000 0.000000 1.000000
0.947315 0.007868 -0.320206 0.000000 -0.022667 0.998839 -0.042518 10.002700 0.319499 0.047536 0.946393 -0.000000 0.000000 0.000000 0.000000 1.000000
0.947397 0.011115 -0.319867 0.000000 -0.026460 0.998696 -0.043668 10.002700 0.318965 0.049835 0.946455 -0.000000 0.000000 0.000000 0.000000 1.000000</float_array>
        <technique_common>
          <accessor source="#mixamorig_Spine1-Matrix-animation-output-transform-array" count="17" stride="16">
            <param type="float4x4"/>
          </accessor>
        </technique_common>
      </source>
      <source id="mixamorig_Spine1-Interpolations">
        <Name_array id="mixamorig_Spine1-Interpolations-array" count="17">
 LINEAR LINEAR LINEAR LINEAR LINEAR LINEAR LINEAR LINEAR LINEAR LINEAR LINEAR
LINEAR LINEAR LINEAR LINEAR LINEAR LINEAR</Name_array>
        <technique_common>
          <accessor source="#mixamorig_Spine1-Interpolations-array" count="17">
            <param type="name"/>
          </accessor>
        </technique_common>
      </source>
      <sampler id="mixamorig_Spine1-Matrix-animation-transform">
        <input semantic="INPUT" source="#mixamorig_Spine1-Matrix-animation-input"/>
        <input semantic="OUTPUT" source="#mixamorig_Spine1-Matrix-animation-output-transform"/>
        <input semantic="INTERPOLATION" source="#mixamorig_Spine1-Interpolations"/>
      </sampler>
      <channel source="#mixamorig_Spine1-Matrix-animation-transform" target="mixamorig_Spine1/matrix"/>
    </animation>
    <animation id="mixamorig_Spine2-anim" name="mixamorig_Spine2">
      <source id="mixamorig_Spine2-Matrix-animation-input">
        <float_array id="mixamorig_Spine2-Matrix-animation-input-array" count="17">

0.000000 0.033333 0.066667 0.100000 0.133333 0.166667 0.200000 0.233333 0.266667 0.300000 0.333333 0.366667 0.400000 0.433333 0.466667 0.500000
0.533333</float_array>
        <technique_common>
          <accessor source="#mixamorig_Spine2-Matrix-animation-input-array" count="17">
            <param name="TIME" type="float"/>
          </accessor>
        </technique_common>
      </source>
      <source id="mixamorig_Spine2-Matrix-animation-output-transform">
        <float_array id="mixamorig_Spine2-Matrix-animation-output-transform-array" count="272">

0.986918 -0.059333 -0.149910 0.000000 0.047418 0.995517 -0.081843 9.322100 0.154094 0.073664 0.985306 0.000000 0.000000 0.000000 0.000000 1.000000
0.987458 -0.062676 -0.144906 0.000000 0.050455 0.994971 -0.086529 9.322100 0.149600 0.078132 0.985655 0.000000 0.000000 0.000000 0.000000 1.000000
0.986184 -0.067252 -0.151390 0.000000 0.053827 0.994386 -0.091101 9.322100 0.156667 0.081693 0.984267 0.000000 0.000000 0.000000 0.000000 1.000000
0.984212 -0.070291 -0.162438 0.000000 0.055614 0.994093 -0.093202 9.322100 0.168029 0.082697 0.982307 0.000000 0.000000 0.000000 0.000000 1.000000
0.983994 -0.070584 -0.163629 0.000000 0.057675 0.994933 -0.082348 9.322100 0.168613 0.071593 0.983079 -0.000000 0.000000 0.000000 0.000000 1.000000
0.986218 -0.070935 -0.149476 0.000000 0.060657 0.995542 -0.072233 9.322100 0.153933 0.062171 0.986123 0.000000 0.000000 0.000000 0.000000 1.000000
0.989248 -0.065416 -0.130800 -0.000000 0.055942 0.995625 -0.074843 9.322100 0.135124 0.066721 0.988580 0.000000 0.000000 0.000000 0.000000 1.000000
0.990809 -0.059867 -0.121300 0.000000 0.049578 0.995049 -0.086140 9.322100 0.125856 0.079334 0.988871 0.000000 0.000000 0.000000 0.000000 1.000000
0.990958 -0.057789 -0.121093 -0.000000 0.046318 0.994352 -0.095493 9.322100 0.125928 0.089020 0.988037 0.000000 0.000000 0.000000 0.000000 1.000000
0.991119 -0.058731 -0.119306 0.000000 0.047208 0.994143 -0.097216 9.322100 0.124317 0.090720 0.988087 0.000000 0.000000 0.000000 0.000000 1.000000
0.991922 -0.058026 -0.112803 0.000000 0.047078 0.994131 -0.097402 9.322100 0.117793 0.091304 0.988832 0.000000 0.000000 0.000000 0.000000 1.000000
0.992401 -0.055655 -0.109742 -0.000000 0.045031 0.994264 -0.097015 9.322100 0.114512 0.091336 0.989214 0.000000 0.000000 0.000000 0.000000 1.000000
0.991499 -0.059396 -0.115767 0.000000 0.049517 0.995028 -0.086415 9.322100 0.120324 0.079948 0.989510 -0.000000 0.000000 0.000000 0.000000 1.000000
0.989531 -0.061824 -0.130412 0.000000 0.052184 0.995735 -0.076082 9.322100 0.134559 0.068480 0.988536 0.000000 0.000000 0.000000 0.000000 1.000000
0.987527 -0.061252 -0.145048 0.000000 0.050719 0.995875 -0.075238 9.322100 0.149058 0.066942 0.986560 0.000000 0.000000 0.000000 0.000000 1.000000
0.986712 -0.062217 -0.150094 -0.000000 0.050371 0.995401 -0.081479 9.322100 0.154473 0.072836 0.985309 0.000000 0.000000 0.000000 0.000000 1.000000
0.986918 -0.059333 -0.149910 0.000000 0.047418 0.995517 -0.081843 9.322100 0.154094 0.073664 0.985306 -0.000000 0.000000 0.000000 0.000000 1.000000</float_array>
        <technique_common>
          <accessor source="#mixamorig_Spine2-Matrix-animation-output-transform-array" count="17" stride="16">
            <param type="float4x4"/>
          </accessor>
        </technique_common>
      </source>
      <source id="mixamorig_Spine2-Interpolations">
        <Name_array id="mixamorig_Spine2-Interpolations-array" count="17">
 LINEAR LINEAR LINEAR LINEAR LINEAR LINEAR LINEAR LINEAR LINEAR LINEAR LINEAR
LINEAR LINEAR LINEAR LINEAR LINEAR LINEAR</Name_array>
        <technique_common>
          <accessor source="#mixamorig_Spine2-Interpolations-array" count="17">
            <param type="name"/>
          </accessor>
        </technique_common>
      </source>
      <sampler id="mixamorig_Spine2-Matrix-animation-transform">
        <input semantic="INPUT" source="#mixamorig_Spine2-Matrix-animation-input"/>
        <input semantic="OUTPUT" source="#mixamorig_Spine2-Matrix-animation-output-transform"/>
        <input semantic="INTERPOLATION" source="#mixamorig_Spine2-Interpolations"/>
      </sampler>
      <channel source="#mixamorig_Spine2-Matrix-animation-transform" target="mixamorig_Spine2/matrix"/>
    </animation>
    <animation id="mixamorig_Neck-anim" name="mixamorig_Neck">
      <source id="mixamorig_Neck-Matrix-animation-input">
        <float_array id="mixamorig_Neck-Matrix-animation-input-array" count="17">

0.000000 0.033333 0.066667 0.100000 0.133333 0.166667 0.200000 0.233333 0.266667 0.300000 0.333333 0.366667 0.400000 0.433333 0.466667 0.500000
0.533333</float_array>
        <technique_common>
          <accessor source="#mixamorig_Neck-Matrix-animation-input-array" count="17">
            <param name="TIME" type="float"/>
          </accessor>
        </technique_common>
      </source>
      <source id="mixamorig_Neck-Matrix-animation-output-transform">
        <float_array id="mixamorig_Neck-Matrix-animation-output-transform-array" count="272">

0.991875 0.073080 0.104128 -0.000000 -0.061685 0.992154 -0.108744 16.865299 -0.111258 0.101437 0.988601 -0.000000 0.000000 0.000000 0.000000 1.000000
0.991305 0.072145 0.110047 0.000000 -0.059132 0.991341 -0.117243 16.865299 -0.117553 0.109716 0.986987 0.000000 0.000000 0.000000 0.000000 1.000000
0.990582 0.065028 0.120492 0.000000 -0.050162 0.991194 -0.122546 16.865299 -0.127399 0.115348 0.985121 0.000000 0.000000 0.000000 0.000000 1.000000
0.990132 0.052707 0.129852 0.000000 -0.037208 0.992195 -0.119015 16.865299 -0.135111 0.113009 0.984365 -0.000000 0.000000 0.000000 0.000000 1.000000
0.990193 0.042446 0.133105 0.000000 -0.027079 0.992972 -0.115207 16.865299 -0.137060 0.110473 0.984383 -0.000000 0.000000 0.000000 0.000000 1.000000
0.990662 0.042254 0.129630 0.000000 -0.028012 0.993560 -0.109790 16.865299 -0.133435 0.105133 0.985465 0.000000 0.000000 0.000000 0.000000 1.000000
0.991244 0.044639 0.124271 0.000000 -0.031869 0.994180 -0.102914 16.865299 -0.128142 0.098052 0.986897 0.000000 0.000000 0.000000 0.000000 1.000000
0.991721 0.047371 0.119350 0.000000 -0.035665 0.994510 -0.098381 16.865299 -0.123356 0.093310 0.987966 0.000000 0.000000 0.000000 0.000000 1.000000
0.992172 0.052614 0.113255 0.000000 -0.041463 0.994258 -0.098653 16.865299 -0.117795 0.093185 0.988656 0.000000 0.000000 0.000000 0.000000 1.000000
0.992629 0.061891 0.104194 -0.000000 -0.050439 0.992743 -0.109165 16.865299 -0.110195 0.103105 0.988548 -0.000000 0.000000 0.000000 0.000000 1.000000
0.993055 0.069080 0.095234 0.000000 -0.057539 0.991223 -0.119018 16.865299 -0.102620 0.112712 0.988314 -0.000000 0.000000 0.000000 0.000000 1.000000
0.993279 0.072531 0.090199 0.000000 -0.061779 0.991238 -0.116753 16.865299 -0.097877 0.110396 0.989056 0.000000 0.000000 0.000000 0.000000 1.000000
0.993050 0.077310 0.088736 0.000000 -0.067063 0.991311 -0.113157 16.865299 -0.096714 0.106420 0.989607 0.000000 0.000000 0.000000 0.000000 1.000000
0.993281 0.071756 0.090792 -0.000000 -0.061982 0.992407 -0.106236 16.865299 -0.097726 0.099895 0.990187 0.000000 0.000000 0.000000 0.000000 1.000000
0.993452 0.065097 0.093889 0.000000 -0.055687 0.993470 -0.099577 16.865299 -0.099758 0.093696 0.990590 0.000000 0.000000 0.000000 0.000000 1.000000
0.992888 0.067407 0.098127 0.000000 -0.057475 0.993251 -0.100742 16.865299 -0.104255 0.094385 0.990062 0.000000 0.000000 0.000000 0.000000 1.000000
0.991875 0.073080 0.104128 -0.000000 -0.061685 0.992154 -0.108744 16.865299 -0.111258 0.101437 0.988601 0.000000 0.000000 0.000000 0.000000 1.000000</float_array>
        <technique_common>
          <accessor source="#mixamorig_Neck-Matrix-animation-output-transform-array" count="17" stride="16">
            <param type="float4x4"/>
          </accessor>
        </technique_common>
      </source>
      <source id="mixamorig_Neck-Interpolations">
        <Name_array id="mixamorig_Neck-Interpolations-array" count="17">
 LINEAR LINEAR LINEAR LINEAR LINEAR LINEAR LINEAR LINEAR LINEAR LINEAR LINEAR
LINEAR LINEAR LINEAR LINEAR LINEAR LINEAR</Name_array>
        <technique_common>
          <accessor source="#mixamorig_Neck-Interpolations-array" count="17">
            <param type="name"/>
          </accessor>
        </technique_common>
      </source>
      <sampler id="mixamorig_Neck-Matrix-animation-transform">
        <input semantic="INPUT" source="#mixamorig_Neck-Matrix-animation-input"/>
        <input semantic="OUTPUT" source="#mixamorig_Neck-Matrix-animation-output-transform"/>
        <input semantic="INTERPOLATION" source="#mixamorig_Neck-Interpolations"/>
      </sampler>
      <channel source="#mixamorig_Neck-Matrix-animation-transform" target="mixamorig_Neck/matrix"/>
    </animation>
    <animation id="mixamorig_Head-anim" name="mixamorig_Head">
      <source id="mixamorig_Head-Matrix-animation-input">
        <float_array id="mixamorig_Head-Matrix-animation-input-array" count="17">

0.000000 0.033333 0.066667 0.100000 0.133333 0.166667 0.200000 0.233333 0.266667 0.300000 0.333333 0.366667 0.400000 0.433333 0.466667 0.500000
0.533333</float_array>
        <technique_common>
          <accessor source="#mixamorig_Head-Matrix-animation-input-array" count="17">
            <param name="TIME" type="float"/>
          </accessor>
        </technique_common>
      </source>
      <source id="mixamorig_Head-Matrix-animation-output-transform">
        <float_array id="mixamorig_Head-Matrix-animation-output-transform-array" count="272">

0.947490 -0.125544 0.294112 -0.000000 0.069575 0.978612 0.193592 9.341900 -0.312126 -0.162964 0.935959 2.841000 0.000000 0.000000 0.000000 1.000000
0.936657 -0.118852 0.329466 0.000000 0.060757 0.981540 0.181351 9.341900 -0.344938 -0.149846 0.926587 2.841000 0.000000 0.000000 0.000000 1.000000
0.917507 -0.115157 0.380683 0.000000 0.055688 0.984933 0.163726 9.341900 -0.393801 -0.129021 0.910096 2.841000 0.000000 0.000000 0.000000 1.000000
0.898224 -0.115711 0.424033 -0.000000 0.054207 0.986524 0.154379 9.341900 -0.436182 -0.115682 0.892392 2.841000 0.000000 0.000000 0.000000 1.000000
0.888554 -0.120694 0.442611 0.000000 0.060482 0.987171 0.147770 9.341900 -0.454767 -0.104531 0.884455 2.841000 0.000000 0.000000 0.000000 1.000000
0.891132 -0.124912 0.436211 0.000000 0.060418 0.985466 0.158766 9.341900 -0.449703 -0.115126 0.885727 2.841000 0.000000 0.000000 0.000000 1.000000
0.898728 -0.136274 0.416795 0.000000 0.061786 0.980356 0.187306 9.341900 -0.434132 -0.142585 0.889493 2.841000 0.000000 0.000000 0.000000 1.000000
0.907021 -0.148402 0.394069 0.000000 0.069657 0.975824 0.207158 9.341900 -0.415285 -0.160447 0.895430 2.841000 0.000000 0.000000 0.000000 1.000000
0.918739 -0.154315 0.363463 0.000000 0.080720 0.974433 0.209675 9.341900 -0.386527 -0.163298 0.907706 2.841000 0.000000 0.000000 0.000000 1.000000
0.935687 -0.150578 0.319087 0.000000 0.091040 0.976773 0.193976 9.341900 -0.340884 -0.152451 0.927662 2.841000 0.000000 0.000000 0.000000 1.000000
0.950270 -0.150487 0.272654 0.000000 0.102636 0.977921 0.182035 9.341900 -0.294028 -0.144999 0.944734 2.841000 0.000000 0.000000 0.000000 1.000000
0.957326 -0.155945 0.243328 0.000000 0.111564 0.976076 0.186627 9.341900 -0.266611 -0.151517 0.951820 2.841000 0.000000 0.000000 0.000000 1.000000
0.960667 -0.151034 0.233039 0.000000 0.108060 0.976339 0.187309 9.341900 -0.255815 -0.154759 0.954258 2.841000 0.000000 0.000000 0.000000 1.000000
0.960577 -0.148498 0.235032 -0.000000 0.101971 0.974668 0.199058 9.341900 -0.258638 -0.167244 0.951386 2.841000 0.000000 0.000000 0.000000 1.000000
0.958986 -0.136738 0.248293 -0.000000 0.083441 0.973320 0.213743 9.341900 -0.270895 -0.184259 0.944809 2.841000 0.000000 0.000000 0.000000 1.000000
0.955099 -0.127720 0.267344 0.000000 0.070487 0.974359 0.213671 9.341900 -0.287780 -0.185233 0.939612 2.841000 0.000000 0.000000 0.000000 1.000000
0.947490 -0.125544 0.294112 0.000000 0.069575 0.978612 0.193592 9.341900 -0.312126 -0.162964 0.935959 2.841000 0.000000 0.000000 0.000000 1.000000</float_array>
        <technique_common>
          <accessor source="#mixamorig_Head-Matrix-animation-output-transform-array" count="17" stride="16">
            <param type="float4x4"/>
          </accessor>
        </technique_common>
      </source>
      <source id="mixamorig_Head-Interpolations">
        <Name_array id="mixamorig_Head-Interpolations-array" count="17">
 LINEAR LINEAR LINEAR LINEAR LINEAR LINEAR LINEAR LINEAR LINEAR LINEAR LINEAR
LINEAR LINEAR LINEAR LINEAR LINEAR LINEAR</Name_array>
        <technique_common>
          <accessor source="#mixamorig_Head-Interpolations-array" count="17">
            <param type="name"/>
          </accessor>
        </technique_common>
      </source>
      <sampler id="mixamorig_Head-Matrix-animation-transform">
        <input semantic="INPUT" source="#mixamorig_Head-Matrix-animation-input"/>
        <input semantic="OUTPUT" source="#mixamorig_Head-Matrix-animation-output-transform"/>
        <input semantic="INTERPOLATION" source="#mixamorig_Head-Interpolations"/>
      </sampler>
      <channel source="#mixamorig_Head-Matrix-animation-transform" target="mixamorig_Head/matrix"/>
    </animation>
    <animation id="mixamorig_RightShoulder-anim" name="mixamorig_RightShoulder">
      <source id="mixamorig_RightShoulder-Matrix-animation-input">
        <float_array id="mixamorig_RightShoulder-Matrix-animation-input-array" count="17">

0.000000 0.033333 0.066667 0.100000 0.133333 0.166667 0.200000 0.233333 0.266667 0.300000 0.333333 0.366667 0.400000 0.433333 0.466667 0.500000
0.533333</float_array>
        <technique_common>
          <accessor source="#mixamorig_RightShoulder-Matrix-animation-input-array" count="17">
            <param name="TIME" type="float"/>
          </accessor>
        </technique_common>
      </source>
      <source id="mixamorig_RightShoulder-Matrix-animation-output-transform">
        <float_array id="mixamorig_RightShoulder-Matrix-animation-output-transform-array" count="272">

-0.169594 -0.985106 -0.028370 -4.570000 0.138780 0.004628 -0.990312 11.195800 0.975694 -0.171888 0.135928 -0.806600 0.000000 0.000000 0.000000 1.000000
-0.035581 -0.999319 -0.009733 -4.570000 0.146549 0.004417 -0.989194 11.195800 0.988563 -0.036623 0.146292 -0.806600 0.000000 0.000000 0.000000 1.000000
0.087544 -0.995801 0.026775 -4.570000 0.153724 -0.013052 -0.988028 11.195800 0.984228 0.090611 0.151936 -0.806600 0.000000 0.000000 0.000000 1.000000
0.168360 -0.983603 0.064659 -4.570000 0.162473 -0.037008 -0.986019 11.195800 0.972244 0.176511 0.153578 -0.806600 0.000000 0.000000 0.000000 1.000000
0.194305 -0.976394 0.094347 -4.570000 0.168092 -0.061616 -0.983844 11.195800 0.966432 0.207025 0.152152 -0.806600 0.000000 0.000000 0.000000 1.000000
0.197519 -0.974520 0.106290 -4.570000 0.168381 -0.073087 -0.983009 11.195800 0.965730 0.212060 0.149655 -0.806600 0.000000 0.000000 0.000000 1.000000
0.217356 -0.971565 0.093900 -4.570000 0.166155 -0.057968 -0.984394 11.195800 0.961847 0.229566 0.148831 -0.806600 0.000000 0.000000 0.000000 1.000000
0.236842 -0.968931 0.071269 -4.570000 0.162966 -0.032696 -0.986090 11.195800 0.957783 0.245161 0.150159 -0.806600 0.000000 0.000000 0.000000 1.000000
0.239017 -0.968875 0.064445 -4.570000 0.162287 -0.025576 -0.986412 11.195800 0.957358 0.246228 0.151123 -0.806600 0.000000 0.000000 0.000000 1.000000
0.231401 -0.969526 0.080453 -4.570000 0.164091 -0.042617 -0.985524 11.195800 0.958920 0.241253 0.149229 -0.806600 0.000000 0.000000 0.000000 1.000000
0.226456 -0.967737 0.110465 -4.570000 0.166388 -0.073309 -0.983331 11.195800 0.959705 0.241061 0.144418 -0.806600 0.000000 0.000000 0.000000 1.000000
0.219114 -0.965473 0.140897 -4.570000 0.168701 -0.104743 -0.980086 11.195800 0.961004 0.238520 0.139925 -0.806600 0.000000 0.000000 0.000000 1.000000
0.192328 -0.968752 0.156621 -4.570000 0.169178 -0.124479 -0.977693 11.195800 0.966638 0.214535 0.139950 -0.806600 0.000000 0.000000 0.000000 1.000000
0.109049 -0.984614 0.136538 -4.570000 0.159990 -0.118182 -0.980019 11.195800 0.981077 0.128714 0.144641 -0.806600 0.000000 0.000000 0.000000 1.000000
0.000688 -0.996721 0.080907 -4.570000 0.148113 -0.079913 -0.985736 11.195800 0.988970 0.012662 0.147573 -0.806600 0.000000 0.000000 0.000000 1.000000
-0.095766 -0.995278 0.015796 -4.570000 0.141834 -0.029351 -0.989455 11.195800 0.985247 -0.092516 0.143975 -0.806600 0.000000 0.000000 0.000000 1.000000
-0.169594 -0.985106 -0.028370 -4.570000 0.138780 0.004628 -0.990312 11.195800 0.975694 -0.171888 0.135928 -0.806600 0.000000 0.000000 0.000000 1.000000</float_array>
        <technique_common>
          <accessor source="#mixamorig_RightShoulder-Matrix-animation-output-transform-array" count="17" stride="16">
            <param type="float4x4"/>
          </accessor>
        </technique_common>
      </source>
      <source id="mixamorig_RightShoulder-Interpolations">
        <Name_array id="mixamorig_RightShoulder-Interpolations-array" count="17">
 LINEAR LINEAR LINEAR LINEAR LINEAR LINEAR LINEAR LINEAR LINEAR LINEAR LINEAR
LINEAR LINEAR LINEAR LINEAR LINEAR LINEAR</Name_array>
        <technique_common>
          <accessor source="#mixamorig_RightShoulder-Interpolations-array" count="17">
            <param type="name"/>
          </accessor>
        </technique_common>
      </source>
      <sampler id="mixamorig_RightShoulder-Matrix-animation-transform">
        <input semantic="INPUT" source="#mixamorig_RightShoulder-Matrix-animation-input"/>
        <input semantic="OUTPUT" source="#mixamorig_RightShoulder-Matrix-animation-output-transform"/>
        <input semantic="INTERPOLATION" source="#mixamorig_RightShoulder-Interpolations"/>
      </sampler>
      <channel source="#mixamorig_RightShoulder-Matrix-animation-transform" target="mixamorig_RightShoulder/matrix"/>
    </animation>
    <animation id="mixamorig_RightArm-anim" name="mixamorig_RightArm">
      <source id="mixamorig_RightArm-Matrix-animation-input">
        <float_array id="mixamorig_RightArm-Matrix-animation-input-array" count="17">

0.000000 0.033333 0.066667 0.100000 0.133333 0.166667 0.200000 0.233333 0.266667 0.300000 0.333333 0.366667 0.400000 0.433333 0.466667 0.500000
0.533333</float_array>
        <technique_common>
          <accessor source="#mixamorig_RightArm-Matrix-animation-input-array" count="17">
            <param name="TIME" type="float"/>
          </accessor>
        </technique_common>
      </source>
      <source id="mixamorig_RightArm-Matrix-animation-output-transform">
        <float_array id="mixamorig_RightArm-Matrix-animation-output-transform-array" count="272">

-0.366220 0.767308 -0.526423 0.000000 -0.631035 -0.620555 -0.465517 10.838200 -0.683869 0.161710 0.711458 -0.000000 0.000000 0.000000 0.000000 1.000000
-0.250826 0.828312 -0.500985 0.000000 -0.701648 -0.512109 -0.495413 10.838200 -0.666916 0.227252 0.709633 -0.000000 0.000000 0.000000 0.000000 1.000000
-0.136690 0.871508 -0.470946 0.000000 -0.789250 -0.383118 -0.479901 10.838200 -0.598665 0.306097 0.740206 0.000000 0.000000 0.000000 0.000000 1.000000
-0.056528 0.890749 -0.450967 0.000000 -0.853623 -0.277386 -0.440892 10.838200 -0.517816 0.360032 0.776044 0.000000 0.000000 0.000000 0.000000 1.000000
-0.011882 0.890076 -0.455657 0.000000 -0.874913 -0.229884 -0.426240 10.838200 -0.484135 0.393595 0.781471 0.000000 0.000000 0.000000 0.000000 1.000000
0.017896 0.888415 -0.458692 0.000000 -0.861685 -0.218986 -0.457760 10.838200 -0.507128 0.403440 0.761615 -0.000000 0.000000 0.000000 0.000000 1.000000
0.057766 0.897206 -0.437818 0.000000 -0.827210 -0.202507 -0.524133 10.838200 -0.558916 0.392445 0.730479 0.000000 0.000000 0.000000 0.000000 1.000000
0.078194 0.912885 -0.400658 0.000000 -0.797402 -0.183943 -0.574730 10.838200 -0.598361 0.364426 0.713553 0.000000 0.000000 0.000000 0.000000 1.000000
0.083578 0.925672 -0.368981 0.000000 -0.793827 -0.161980 -0.586175 10.838200 -0.602374 0.341898 0.721285 0.000000 0.000000 0.000000 0.000000 1.000000
0.110360 0.926288 -0.360293 0.000000 -0.806166 -0.128597 -0.577546 10.838200 -0.581307 0.354194 0.732550 0.000000 0.000000 0.000000 0.000000 1.000000
0.162569 0.915788 -0.367293 0.000000 -0.813999 -0.085905 -0.574478 10.838200 -0.557652 0.392368 0.731486 0.000000 0.000000 0.000000 0.000000 1.000000
0.204510 0.901230 -0.382048 0.000000 -0.816698 -0.058059 -0.574137 10.838200 -0.539611 0.429435 0.724159 0.000000 0.000000 0.000000 0.000000 1.000000
0.189067 0.893722 -0.406834 0.000000 -0.826695 -0.078719 -0.557116 10.838200 -0.529933 0.441660 0.723953 0.000000 0.000000 0.000000 0.000000 1.000000
0.080634 0.891790 -0.445207 0.000000 -0.821055 -0.193817 -0.536939 10.838200 -0.565126 0.408835 0.716580 0.000000 0.000000 0.000000 0.000000 1.000000
-0.078275 0.873705 -0.480118 0.000000 -0.776739 -0.355342 -0.520008 10.838200 -0.624939 0.332223 0.706455 -0.000000 0.000000 0.000000 0.000000 1.000000
-0.237442 0.828497 -0.507164 0.000000 -0.701080 -0.507543 -0.500887 10.838200 -0.672390 0.236631 0.701354 -0.000000 0.000000 0.000000 0.000000 1.000000
-0.366221 0.767308 -0.526423 0.000000 -0.631035 -0.620555 -0.465517 10.838200 -0.683869 0.161709 0.711458 -0.000000 0.000000 0.000000 0.000000 1.000000</float_array>
        <technique_common>
          <accessor source="#mixamorig_RightArm-Matrix-animation-output-transform-array" count="17" stride="16">
            <param type="float4x4"/>
          </accessor>
        </technique_common>
      </source>
      <source id="mixamorig_RightArm-Interpolations">
        <Name_array id="mixamorig_RightArm-Interpolations-array" count="17">
 LINEAR LINEAR LINEAR LINEAR LINEAR LINEAR LINEAR LINEAR LINEAR LINEAR LINEAR
LINEAR LINEAR LINEAR LINEAR LINEAR LINEAR</Name_array>
        <technique_common>
          <accessor source="#mixamorig_RightArm-Interpolations-array" count="17">
            <param type="name"/>
          </accessor>
        </technique_common>
      </source>
      <sampler id="mixamorig_RightArm-Matrix-animation-transform">
        <input semantic="INPUT" source="#mixamorig_RightArm-Matrix-animation-input"/>
        <input semantic="OUTPUT" source="#mixamorig_RightArm-Matrix-animation-output-transform"/>
        <input semantic="INTERPOLATION" source="#mixamorig_RightArm-Interpolations"/>
      </sampler>
      <channel source="#mixamorig_RightArm-Matrix-animation-transform" target="mixamorig_RightArm/matrix"/>
    </animation>
    <animation id="mixamorig_RightForeArm-anim" name="mixamorig_RightForeArm">
      <source id="mixamorig_RightForeArm-Matrix-animation-input">
        <float_array id="mixamorig_RightForeArm-Matrix-animation-input-array" count="17">

0.000000 0.033333 0.066667 0.100000 0.133333 0.166667 0.200000 0.233333 0.266667 0.300000 0.333333 0.366667 0.400000 0.433333 0.466667 0.500000
0.533333</float_array>
        <technique_common>
          <accessor source="#mixamorig_RightForeArm-Matrix-animation-input-array" count="17">
            <param name="TIME" type="float"/>
          </accessor>
        </technique_common>
      </source>
      <source id="mixamorig_RightForeArm-Matrix-animation-output-transform">
        <float_array id="mixamorig_RightForeArm-Matrix-animation-output-transform-array" count="272">

0.873936 0.486041 -0.000000 -0.000000 -0.486041 0.873936 0.000000 27.841499 0.000000 0.000000 1.000000 0.000000 0.000000 0.000000 0.000000 1.000000
0.814696 0.579888 -0.000000 0.000000 -0.579888 0.814696 -0.000000 27.841499 -0.000000 0.000000 1.000000 0.000000 0.000000 0.000000 0.000000 1.000000
0.726864 0.686781 0.000000 0.000000 -0.686781 0.726864 -0.000000 27.841499 -0.000000 -0.000000 1.000000 0.000000 0.000000 0.000000 0.000000 1.000000
0.653828 0.756643 0.000000 0.000000 -0.756643 0.653828 0.000000 27.841499 0.000000 -0.000000 1.000000 -0.000000 0.000000 0.000000 0.000000 1.000000
0.625368 0.780330 0.000000 0.000000 -0.780330 0.625368 0.000000 27.841499 -0.000000 -0.000000 1.000000 -0.000000 0.000000 0.000000 0.000000 1.000000
0.626273 0.779604 -0.000000 0.000000 -0.779604 0.626273 0.000000 27.841499 0.000000 0.000000 1.000000 0.000000 0.000000 0.000000 0.000000 1.000000
0.627225 0.778838 0.000000 0.000000 -0.778838 0.627225 0.000000 27.841499 0.000000 -0.000000 1.000000 -0.000000 0.000000 0.000000 0.000000 1.000000
0.629117 0.777311 -0.000000 0.000000 -0.777311 0.629117 -0.000000 27.841499 0.000000 0.000000 1.000000 0.000000 0.000000 0.000000 0.000000 1.000000
0.625492 0.780231 0.000000 0.000000 -0.780231 0.625492 0.000000 27.841499 0.000000 -0.000000 1.000000 0.000000 0.000000 0.000000 0.000000 1.000000
0.605573 0.795790 0.000000 0.000000 -0.795790 0.605573 -0.000000 27.841499 -0.000000 -0.000000 1.000000 -0.000000 0.000000 0.000000 0.000000 1.000000
0.567405 0.823439 -0.000000 -0.000000 -0.823439 0.567405 -0.000000 27.841499 -0.000000 0.000000 1.000000 -0.000000 0.000000 0.000000 0.000000 1.000000
0.525674 0.850686 0.000000 0.000000 -0.850686 0.525674 0.000000 27.841499 -0.000000 -0.000000 1.000000 -0.000000 0.000000 0.000000 0.000000 1.000000
0.521020 0.853545 0.000000 0.000000 -0.853545 0.521020 0.000000 27.841499 -0.000000 -0.000000 1.000000 0.000000 0.000000 0.000000 0.000000 1.000000
0.580934 0.813951 0.000000 0.000000 -0.813951 0.580934 0.000000 27.841499 0.000000 -0.000000 1.000000 0.000000 0.000000 0.000000 0.000000 1.000000
0.679418 0.733751 0.000000 0.000000 -0.733751 0.679418 0.000000 27.841499 0.000000 -0.000000 1.000000 -0.000000 0.000000 0.000000 0.000000 1.000000
0.790630 0.612294 0.000000 -0.000000 -0.612294 0.790630 -0.000000 27.841499 -0.000000 0.000000 1.000000 -0.000000 0.000000 0.000000 0.000000 1.000000
0.873936 0.486041 0.000000 -0.000000 -0.486041 0.873936 0.000000 27.841499 -0.000000 -0.000000 1.000000 0.000000 0.000000 0.000000 0.000000 1.000000</float_array>
        <technique_common>
          <accessor source="#mixamorig_RightForeArm-Matrix-animation-output-transform-array" count="17" stride="16">
