<?xml version="1.0" encoding="utf-8"?>
<COLLADA xmlns="http://www.collada.org/2005/11/COLLADASchema" version="1.4.1">
  <asset>
    <contributor>
      <author>Mixamo</author>
      <authoring_tool>COLLADA Mixamo exporter</authoring_tool>
      <comments/>
    </contributor>
    <created>2024-04-17T17:06:29Z</created>
    <modified>2024-04-17T17:06:29Z</modified>
    <revision/>
    <title/>
    <unit meter="0.010000"/>
    <up_axis>Y_UP</up_axis>
  </asset>
  <library_animations>
    <animation id="mixamorig_Hips-anim" name="mixamorig_Hips">
      <source id="mixamorig_Hips-Matrix-animation-input">
        <float_array id="mixamorig_Hips-Matrix-animation-input-array" count="16">

0.000000 0.033333 0.066667 0.100000 0.133333 0.166667 0.200000 0.233333 0.266667 0.300000 0.333333 0.366667 0.400000 0.433333 0.466667 0.500000</float_array>
        <technique_common>
          <accessor source="#mixamorig_Hips-Matrix-animation-input-array" count="16">
            <param name="TIME" type="float"/>
          </accessor>
        </technique_common>
      </source>
      <source id="mixamorig_Hips-Matrix-animation-output-transform">
        <float_array id="mixamorig_Hips-Matrix-animation-output-transform-array" count="256">

0.999510 0.025729 0.017848 0.321639 -0.020155 0.964826 -0.262117 94.098991 -0.023964 0.261629 0.964871 1.832497 0.000000 0.000000 0.000000 1.000000
0.999244 -0.006862 0.038259 -0.529443 0.017134 0.961266 -0.275089 95.554779 -0.034889 0.275536 0.960657 1.764217 0.000000 0.000000 0.000000 1.000000
0.998659 -0.034292 0.038783 -1.488057 0.044062 0.956308 -0.289023 97.044144 -0.027177 0.290344 0.956536 1.556234 0.000000 0.000000 0.000000 1.000000
0.999213 -0.028887 0.027171 -2.222913 0.035698 0.953586 -0.298997 97.984619 -0.017273 0.299731 0.953867 0.890174 0.000000 0.000000 0.000000 1.000000
0.999793 -0.001035 0.020324 -2.491794 0.007055 0.954403 -0.298439 98.477776 -0.019089 0.298521 0.954212 -0.333177 0.000000 0.000000 0.000000 1.000000
0.999334 0.034670 0.011404 -2.242759 -0.029881 0.956612 -0.289828 98.211342 -0.020957 0.289294 0.957011 -1.858722 0.000000 0.000000 0.000000 1.000000
0.997725 0.063952 -0.021341 -1.682389 -0.067379 0.956797 -0.282843 96.732018 0.002330 0.283638 0.958929 -3.209207 0.000000 0.000000 0.000000 1.000000
0.996099 0.058419 -0.066141 -1.076979 -0.074826 0.956458 -0.282116 94.990723 0.046781 0.285964 0.957098 -3.767930 0.000000 0.000000 0.000000 1.000000
0.994608 0.045389 -0.093245 -0.539230 -0.070174 0.956585 -0.282881 94.903229 0.076357 0.287899 0.954612 -2.674965 0.000000 0.000000 0.000000 1.000000
0.995788 0.037135 -0.083823 0.210286 -0.059620 0.956859 -0.284369 96.596283 0.069647 0.288169 0.955044 -1.031703 0.000000 0.000000 0.000000 1.000000
0.998450 0.012855 -0.054158 0.925846 -0.027662 0.958907 -0.282369 98.383698 0.048303 0.283429 0.957776 -0.155155 0.000000 0.000000 0.000000 1.000000
0.999361 -0.020457 -0.029322 1.289814 0.011827 0.963113 -0.268838 97.966003 0.033740 0.268319 0.962739 0.232773 0.000000 0.000000 0.000000 1.000000
0.999876 -0.006072 -0.014504 1.409283 0.002117 0.966023 -0.258448 95.923256 0.015581 0.258385 0.965916 0.042945 0.000000 0.000000 0.000000 1.000000
0.999783 0.020814 -0.000412 1.291749 -0.020220 0.966202 -0.256994 93.378563 -0.004951 0.256946 0.966413 -0.281148 0.000000 0.000000 0.000000 1.000000
0.999329 0.035127 0.010406 0.908377 -0.031169 0.964457 -0.262395 92.828178 -0.019253 0.261895 0.964904 0.110296 0.000000 0.000000 0.000000 1.000000
0.999513 0.025589 0.017853 0.321629 -0.020019 0.964828 -0.262117 94.093895 -0.023932 0.261632 0.964871 1.831658 0.000000 0.000000 0.000000 1.000000</float_array>
        <technique_common>
          <accessor source="#mixamorig_Hips-Matrix-animation-output-transform-array" count="16" stride="16">
            <param type="float4x4"/>
          </accessor>
        </technique_common>
      </source>
      <source id="mixamorig_Hips-Interpolations">
        <Name_array id="mixamorig_Hips-Interpolations-array" count="16">
 LINEAR LINEAR LINEAR LINEAR LINEAR LINEAR LINEAR LINEAR LINEAR LINEAR LINEAR
LINEAR LINEAR LINEAR LINEAR LINEAR</Name_array>
        <technique_common>
          <accessor source="#mixamorig_Hips-Interpolations-array" count="16">
            <param type="name"/>
          </accessor>
        </technique_common>
      </source>
      <sampler id="mixamorig_Hips-Matrix-animation-transform">
        <input semantic="INPUT" source="#mixamorig_Hips-Matrix-animation-input"/>
        <input semantic="OUTPUT" source="#mixamorig_Hips-Matrix-animation-output-transform"/>
        <input semantic="INTERPOLATION" source="#mixamorig_Hips-Interpolations"/>
      </sampler>
      <channel source="#mixamorig_Hips-Matrix-animation-transform" target="mixamorig_Hips/matrix"/>
    </animation>
    <animation id="mixamorig_Spine-anim" name="mixamorig_Spine">
      <source id="mixamorig_Spine-Matrix-animation-input">
        <float_array id="mixamorig_Spine-Matrix-animation-input-array" count="16">

0.000000 0.033333 0.066667 0.100000 0.133333 0.166667 0.200000 0.233333 0.266667 0.300000 0.333333 0.366667 0.400000 0.433333 0.466667 0.500000</float_array>
        <technique_common>
          <accessor source="#mixamorig_Spine-Matrix-animation-input-array" count="16">
            <param name="TIME" type="float"/>
          </accessor>
        </technique_common>
      </source>
      <source id="mixamorig_Spine-Matrix-animation-output-transform">
        <float_array id="mixamorig_Spine-Matrix-animation-output-transform-array" count="256">

0.998348 -0.051134 -0.026192 0.000000 0.053705 0.992557 0.109295 10.182400 0.020409 -0.110521 0.993664 -0.000000 0.000000 0.000000 0.000000 1.000000
0.999944 -0.010458 -0.001626 0.000000 0.010579 0.992152 0.124593 10.182400 0.000311 -0.124603 0.992207 0.000000 0.000000 0.000000 0.000000 1.000000
0.999016 0.034958 0.027283 0.000000 -0.038370 0.989872 0.136682 10.182400 -0.022229 -0.137594 0.990239 -0.000000 0.000000 0.000000 0.000000 1.000000
0.997503 0.051104 0.048751 0.000000 -0.057475 0.988510 0.139801 10.182400 -0.041046 -0.142254 0.988979 -0.000000 0.000000 0.000000 0.000000 1.000000
0.998203 0.043147 0.041590 -0.000000 -0.048210 0.990390 0.129628 10.182400 -0.035597 -0.131400 0.990690 -0.000000 0.000000 0.000000 0.000000 1.000000
0.999745 0.021730 0.006088 0.000000 -0.022277 0.993390 0.112606 10.182400 -0.003601 -0.112713 0.993621 -0.000000 0.000000 0.000000 0.000000 1.000000
0.999490 0.001200 -0.031918 0.000000 0.002012 0.994944 0.100415 10.182400 0.031877 -0.100428 0.994434 0.000000 0.000000 0.000000 0.000000 1.000000
0.998273 0.011669 -0.057580 0.000000 -0.005867 0.994977 0.099934 10.182400 0.058457 -0.099423 0.993327 0.000000 0.000000 0.000000 0.000000 1.000000
0.996512 0.021225 -0.080700 0.000000 -0.012459 0.994115 0.107614 10.182400 0.082509 -0.106234 0.990912 0.000000 0.000000 0.000000 0.000000 1.000000
0.992817 0.013363 -0.118891 0.000000 0.000433 0.993336 0.115257 10.182400 0.119639 -0.114481 0.986195 0.000000 0.000000 0.000000 0.000000 1.000000
0.987794 0.018254 -0.154691 0.000000 0.000121 0.993019 0.117952 10.182400 0.155764 -0.116531 0.980896 0.000000 0.000000 0.000000 0.000000 1.000000
0.986226 0.035309 -0.161592 0.000000 -0.016955 0.993384 0.113583 10.182400 0.164533 -0.109279 0.980299 0.000000 0.000000 0.000000 0.000000 1.000000
0.989868 0.002909 -0.141960 0.000000 0.011315 0.994995 0.099283 10.182400 0.141538 -0.099883 0.984881 0.000000 0.000000 0.000000 0.000000 1.000000
0.993819 -0.037956 -0.104321 -0.000000 0.047791 0.994476 0.093454 10.182400 0.100197 -0.097862 0.990143 0.000000 0.000000 0.000000 0.000000 1.000000
0.996330 -0.060013 -0.061036 0.000000 0.065847 0.992952 0.098544 10.182400 0.054692 -0.102201 0.993259 0.000000 0.000000 0.000000 0.000000 1.000000
0.998356 -0.050994 -0.026181 -0.000000 0.053565 0.992565 0.109299 10.182400 0.020413 -0.110522 0.993664 0.000000 0.000000 0.000000 0.000000 1.000000</float_array>
        <technique_common>
          <accessor source="#mixamorig_Spine-Matrix-animation-output-transform-array" count="16" stride="16">
            <param type="float4x4"/>
          </accessor>
        </technique_common>
      </source>
      <source id="mixamorig_Spine-Interpolations">
        <Name_array id="mixamorig_Spine-Interpolations-array" count="16">
 LINEAR LINEAR LINEAR LINEAR LINEAR LINEAR LINEAR LINEAR LINEAR LINEAR LINEAR
LINEAR LINEAR LINEAR LINEAR LINEAR</Name_array>
        <technique_common>
          <accessor source="#mixamorig_Spine-Interpolations-array" count="16">
            <param type="name"/>
          </accessor>
        </technique_common>
      </source>
      <sampler id="mixamorig_Spine-Matrix-animation-transform">
        <input semantic="INPUT" source="#mixamorig_Spine-Matrix-animation-input"/>
        <input semantic="OUTPUT" source="#mixamorig_Spine-Matrix-animation-output-transform"/>
        <input semantic="INTERPOLATION" source="#mixamorig_Spine-Interpolations"/>
      </sampler>
      <channel source="#mixamorig_Spine-Matrix-animation-transform" target="mixamorig_Spine/matrix"/>
    </animation>
    <animation id="mixamorig_Spine1-anim" name="mixamorig_Spine1">
      <source id="mixamorig_Spine1-Matrix-animation-input">
        <float_array id="mixamorig_Spine1-Matrix-animation-input-array" count="16">

0.000000 0.033333 0.066667 0.100000 0.133333 0.166667 0.200000 0.233333 0.266667 0.300000 0.333333 0.366667 0.400000 0.433333 0.466667 0.500000</float_array>
        <technique_common>
          <accessor source="#mixamorig_Spine1-Matrix-animation-input-array" count="16">
            <param name="TIME" type="float"/>
          </accessor>
        </technique_common>
      </source>
      <source id="mixamorig_Spine1-Matrix-animation-output-transform">
        <float_array id="mixamorig_Spine1-Matrix-animation-output-transform-array" count="256">

0.947397 0.011115 -0.319867 -0.000000 -0.026460 0.998696 -0.043668 10.002700 0.318965 0.049835 0.946455 -0.000000 0.000000 0.000000 0.000000 1.000000
0.952669 0.031064 -0.302419 0.000000 -0.039903 0.998937 -0.023091 10.002700 0.301380 0.034066 0.952895 0.000000 0.000000 0.000000 0.000000 1.000000
0.956007 0.045995 -0.289715 0.000000 -0.049972 0.998731 -0.006339 10.002700 0.289056 0.020538 0.957092 0.000000 0.000000 0.000000 0.000000 1.000000
0.956106 0.050994 -0.288551 0.000000 -0.053286 0.998579 -0.000086 10.002700 0.288136 0.015458 0.957465 0.000000 0.000000 0.000000 0.000000 1.000000
0.952633 0.052718 -0.299517 0.000000 -0.057858 0.998290 -0.008311 10.002700 0.298567 0.025247 0.954055 0.000000 0.000000 0.000000 0.000000 1.000000
0.947161 0.054092 -0.316165 0.000000 -0.065120 0.997579 -0.024409 10.002700 0.314079 0.043708 0.948390 0.000000 0.000000 0.000000 0.000000 1.000000
0.942049 0.051105 -0.331561 0.000000 -0.067319 0.997023 -0.037595 10.002700 0.328653 0.057737 0.942684 -0.000000 0.000000 0.000000 0.000000 1.000000
0.938070 0.040855 -0.344029 0.000000 -0.059396 0.997285 -0.043524 10.002700 0.341317 0.061263 0.937950 -0.000000 0.000000 0.000000 0.000000 1.000000
0.934347 0.024591 -0.355515 0.000000 -0.042880 0.998126 -0.043653 10.002700 0.353775 0.056031 0.933651 0.000000 0.000000 0.000000 0.000000 1.000000
0.930764 0.007651 -0.365541 0.000000 -0.025250 0.998739 -0.043390 10.002700 0.364748 0.049616 0.929783 0.000000 0.000000 0.000000 0.000000 1.000000
0.928865 -0.000532 -0.370418 0.000000 -0.017359 0.998838 -0.044963 10.002700 0.370012 0.048195 0.927776 0.000000 0.000000 0.000000 0.000000 1.000000
0.929974 -0.000588 -0.367624 0.000000 -0.018757 0.998620 -0.049046 10.002700 0.367145 0.052507 0.928680 0.000000 0.000000 0.000000 0.000000 1.000000
0.934126 -0.000976 -0.356941 0.000000 -0.021245 0.998071 -0.058326 10.002700 0.356310 0.062067 0.932304 0.000000 0.000000 0.000000 0.000000 1.000000
0.939128 -0.001901 -0.343563 0.000000 -0.020388 0.997914 -0.061252 10.002700 0.342963 0.064528 0.937130 0.000000 0.000000 0.000000 0.000000 1.000000
0.943494 0.001129 -0.331388 0.000000 -0.020816 0.998221 -0.055865 10.002700 0.330736 0.059606 0.941839 -0.000000 0.000000 0.000000 0.000000 1.000000
0.947397 0.011115 -0.319867 -0.000000 -0.026460 0.998696 -0.043668 10.002700 0.318965 0.049835 0.946455 -0.000000 0.000000 0.000000 0.000000 1.000000</float_array>
        <technique_common>
          <accessor source="#mixamorig_Spine1-Matrix-animation-output-transform-array" count="16" stride="16">
            <param type="float4x4"/>
          </accessor>
        </technique_common>
      </source>
      <source id="mixamorig_Spine1-Interpolations">
        <Name_array id="mixamorig_Spine1-Interpolations-array" count="16">
 LINEAR LINEAR LINEAR LINEAR LINEAR LINEAR LINEAR LINEAR LINEAR LINEAR LINEAR
LINEAR LINEAR LINEAR LINEAR LINEAR</Name_array>
        <technique_common>
          <accessor source="#mixamorig_Spine1-Interpolations-array" count="16">
            <param type="name"/>
          </accessor>
        </technique_common>
      </source>
      <sampler id="mixamorig_Spine1-Matrix-animation-transform">
        <input semantic="INPUT" source="#mixamorig_Spine1-Matrix-animation-input"/>
        <input semantic="OUTPUT" source="#mixamorig_Spine1-Matrix-animation-output-transform"/>
        <input semantic="INTERPOLATION" source="#mixamorig_Spine1-Interpolations"/>
      </sampler>
      <channel source="#mixamorig_Spine1-Matrix-animation-transform" target="mixamorig_Spine1/matrix"/>
    </animation>
    <animation id="mixamorig_Spine2-anim" name="mixamorig_Spine2">
      <source id="mixamorig_Spine2-Matrix-animation-input">
        <float_array id="mixamorig_Spine2-Matrix-animation-input-array" count="16">

0.000000 0.033333 0.066667 0.100000 0.133333 0.166667 0.200000 0.233333 0.266667 0.300000 0.333333 0.366667 0.400000 0.433333 0.466667 0.500000</float_array>
        <technique_common>
          <accessor source="#mixamorig_Spine2-Matrix-animation-input-array" count="16">
            <param name="TIME" type="float"/>
          </accessor>
        </technique_common>
      </source>
      <source id="mixamorig_Spine2-Matrix-animation-output-transform">
        <float_array id="mixamorig_Spine2-Matrix-animation-output-transform-array" count="256">

0.986918 -0.059333 -0.149910 0.000000 0.047418 0.995517 -0.081843 9.322100 0.154094 0.073664 0.985306 0.000000 0.000000 0.000000 0.000000 1.000000
0.990368 -0.039550 -0.132693 -0.000000 0.031285 0.997472 -0.063800 9.322100 0.134881 0.059034 0.989102 -0.000000 0.000000 0.000000 0.000000 1.000000
0.992424 -0.024652 -0.120361 0.000000 0.018861 0.998620 -0.049021 9.322100 0.121404 0.046379 0.991519 -0.000000 0.000000 0.000000 0.000000 1.000000
0.992640 -0.019697 -0.119489 -0.000000 0.014611 0.998956 -0.043292 9.322100 0.120216 0.041228 0.991891 -0.000000 0.000000 0.000000 0.000000 1.000000
0.991222 -0.018338 -0.130930 0.000000 0.011609 0.998581 -0.051974 9.322100 0.131697 0.049998 0.990028 0.000000 0.000000 0.000000 0.000000 1.000000
0.988845 -0.017430 -0.147924 0.000000 0.007246 0.997583 -0.069108 9.322100 0.148771 0.067265 0.986581 0.000000 0.000000 0.000000 0.000000 1.000000
0.986380 -0.020485 -0.163199 0.000000 0.007027 0.996556 -0.082619 9.322100 0.164330 0.080347 0.983128 0.000000 0.000000 0.000000 0.000000 1.000000
0.983982 -0.030542 -0.175630 0.000000 0.015388 0.996089 -0.087011 9.322100 0.177600 0.082915 0.980604 0.000000 0.000000 0.000000 0.000000 1.000000
0.981189 -0.046773 -0.187300 0.000000 0.031469 0.995980 -0.083868 9.322100 0.190470 0.076397 0.978716 0.000000 0.000000 0.000000 0.000000 1.000000
0.978254 -0.063728 -0.197375 -0.000000 0.048625 0.995572 -0.080446 9.322100 0.201628 0.069100 0.977022 0.000000 0.000000 0.000000 0.000000 1.000000
0.976641 -0.072017 -0.202448 0.000000 0.056668 0.995132 -0.080625 9.322100 0.207269 0.067270 0.975968 0.000000 0.000000 0.000000 0.000000 1.000000
0.977184 -0.072276 -0.199721 -0.000000 0.056281 0.994821 -0.084642 9.322100 0.204804 0.071470 0.976190 -0.000000 0.000000 0.000000 0.000000 1.000000
0.979414 -0.072280 -0.188477 0.000000 0.055292 0.994046 -0.093889 9.322100 0.194142 0.081535 0.977579 0.000000 0.000000 0.000000 0.000000 1.000000
0.982013 -0.072622 -0.174289 0.000000 0.056263 0.993689 -0.097036 9.322100 0.180236 0.085485 0.979902 0.000000 0.000000 0.000000 0.000000 1.000000
0.984431 -0.069253 -0.161555 -0.000000 0.054732 0.994191 -0.092671 9.322100 0.167034 0.082386 0.982503 0.000000 0.000000 0.000000 0.000000 1.000000
0.986918 -0.059333 -0.149910 -0.000000 0.047418 0.995517 -0.081843 9.322100 0.154094 0.073664 0.985306 0.000000 0.000000 0.000000 0.000000 1.000000</float_array>
        <technique_common>
          <accessor source="#mixamorig_Spine2-Matrix-animation-output-transform-array" count="16" stride="16">
            <param type="float4x4"/>
          </accessor>
        </technique_common>
      </source>
      <source id="mixamorig_Spine2-Interpolations">
        <Name_array id="mixamorig_Spine2-Interpolations-array" count="16">
 LINEAR LINEAR LINEAR LINEAR LINEAR LINEAR LINEAR LINEAR LINEAR LINEAR LINEAR
LINEAR LINEAR LINEAR LINEAR LINEAR</Name_array>
        <technique_common>
          <accessor source="#mixamorig_Spine2-Interpolations-array" count="16">
            <param type="name"/>
          </accessor>
        </technique_common>
      </source>
      <sampler id="mixamorig_Spine2-Matrix-animation-transform">
        <input semantic="INPUT" source="#mixamorig_Spine2-Matrix-animation-input"/>
        <input semantic="OUTPUT" source="#mixamorig_Spine2-Matrix-animation-output-transform"/>
        <input semantic="INTERPOLATION" source="#mixamorig_Spine2-Interpolations"/>
      </sampler>
      <channel source="#mixamorig_Spine2-Matrix-animation-transform" target="mixamorig_Spine2/matrix"/>
    </animation>
    <animation id="mixamorig_Neck-anim" name="mixamorig_Neck">
      <source id="mixamorig_Neck-Matrix-animation-input">
        <float_array id="mixamorig_Neck-Matrix-animation-input-array" count="16">

0.000000 0.033333 0.066667 0.100000 0.133333 0.166667 0.200000 0.233333 0.266667 0.300000 0.333333 0.366667 0.400000 0.433333 0.466667 0.500000</float_array>
        <technique_common>
          <accessor source="#mixamorig_Neck-Matrix-animation-input-array" count="16">
            <param name="TIME" type="float"/>
          </accessor>
        </technique_common>
      </source>
      <source id="mixamorig_Neck-Matrix-animation-output-transform">
        <float_array id="mixamorig_Neck-Matrix-animation-output-transform-array" count="256">

0.991875 0.073080 0.104128 -0.000000 -0.061685 0.992154 -0.108744 16.865299 -0.111258 0.101437 0.988601 0.000000 0.000000 0.000000 0.000000 1.000000
0.993002 0.066946 0.097293 0.000000 -0.055837 0.992056 -0.112726 16.865299 -0.104067 0.106504 0.988851 -0.000000 0.000000 0.000000 0.000000 1.000000
0.993930 0.057774 0.093622 0.000000 -0.046614 0.992003 -0.117293 16.865299 -0.099649 0.112217 0.988675 0.000000 0.000000 0.000000 0.000000 1.000000
0.994364 0.050402 0.093269 0.000000 -0.039021 0.992000 -0.120056 16.865299 -0.098574 0.115739 0.988376 0.000000 0.000000 0.000000 0.000000 1.000000
0.994333 0.043026 0.097215 0.000000 -0.031711 0.992850 -0.115080 16.865299 -0.101471 0.111345 0.988588 -0.000000 0.000000 0.000000 0.000000 1.000000
0.993853 0.035402 0.104896 -0.000000 -0.024737 0.994550 -0.101281 16.865299 -0.107909 0.098063 0.989312 0.000000 0.000000 0.000000 0.000000 1.000000
0.992969 0.030281 0.114438 0.000000 -0.020619 0.996194 -0.084696 16.865299 -0.116567 0.081741 0.989813 -0.000000 0.000000 0.000000 0.000000 1.000000
0.991919 0.028936 0.123528 -0.000000 -0.019887 0.997070 -0.073866 16.865299 -0.125304 0.070812 0.989588 0.000000 0.000000 0.000000 0.000000 1.000000
0.990822 0.034402 0.130725 -0.000000 -0.024694 0.996864 -0.075177 16.865299 -0.132902 0.071259 0.988564 0.000000 0.000000 0.000000 0.000000 1.000000
0.989635 0.045694 0.136143 0.000000 -0.034294 0.995796 -0.084935 16.865299 -0.139452 0.079386 0.987042 -0.000000 0.000000 0.000000 0.000000 1.000000
0.988850 0.053049 0.139146 -0.000000 -0.039890 0.994610 -0.095711 16.865299 -0.143474 0.089093 0.985636 0.000000 0.000000 0.000000 0.000000 1.000000
0.988939 0.055848 0.137406 0.000000 -0.041644 0.993688 -0.104161 16.865299 -0.142356 0.097287 0.985023 0.000000 0.000000 0.000000 0.000000 1.000000
0.989553 0.062204 0.130062 -0.000000 -0.048872 0.993449 -0.103295 16.865299 -0.135636 0.095859 0.986111 0.000000 0.000000 0.000000 0.000000 1.000000
0.990282 0.069754 0.120317 0.000000 -0.057592 0.993141 -0.101759 16.865299 -0.126589 0.093841 0.987506 -0.000000 0.000000 0.000000 0.000000 1.000000
0.991023 0.073644 0.111575 0.000000 -0.062224 0.992775 -0.102595 16.865299 -0.118324 0.094731 0.988446 0.000000 0.000000 0.000000 0.000000 1.000000
0.991875 0.073080 0.104128 0.000000 -0.061685 0.992154 -0.108744 16.865299 -0.111258 0.101437 0.988601 0.000000 0.000000 0.000000 0.000000 1.000000</float_array>
        <technique_common>
          <accessor source="#mixamorig_Neck-Matrix-animation-output-transform-array" count="16" stride="16">
            <param type="float4x4"/>
          </accessor>
        </technique_common>
      </source>
      <source id="mixamorig_Neck-Interpolations">
        <Name_array id="mixamorig_Neck-Interpolations-array" count="16">
 LINEAR LINEAR LINEAR LINEAR LINEAR LINEAR LINEAR LINEAR LINEAR LINEAR LINEAR
LINEAR LINEAR LINEAR LINEAR LINEAR</Name_array>
        <technique_common>
          <accessor source="#mixamorig_Neck-Interpolations-array" count="16">
            <param type="name"/>
          </accessor>
        </technique_common>
      </source>
      <sampler id="mixamorig_Neck-Matrix-animation-transform">
        <input semantic="INPUT" source="#mixamorig_Neck-Matrix-animation-input"/>
        <input semantic="OUTPUT" source="#mixamorig_Neck-Matrix-animation-output-transform"/>
        <input semantic="INTERPOLATION" source="#mixamorig_Neck-Interpolations"/>
      </sampler>
      <channel source="#mixamorig_Neck-Matrix-animation-transform" target="mixamorig_Neck/matrix"/>
    </animation>
    <animation id="mixamorig_Head-anim" name="mixamorig_Head">
      <source id="mixamorig_Head-Matrix-animation-input">
        <float_array id="mixamorig_Head-Matrix-animation-input-array" count="16">

0.000000 0.033333 0.066667 0.100000 0.133333 0.166667 0.200000 0.233333 0.266667 0.300000 0.333333 0.366667 0.400000 0.433333 0.466667 0.500000</float_array>
        <technique_common>
          <accessor source="#mixamorig_Head-Matrix-animation-input-array" count="16">
            <param name="TIME" type="float"/>
          </accessor>
        </technique_common>
      </source>
      <source id="mixamorig_Head-Matrix-animation-output-transform">
        <float_array id="mixamorig_Head-Matrix-animation-output-transform-array" count="256">

0.947490 -0.125544 0.294112 -0.000000 0.069575 0.978612 0.193592 9.341900 -0.312126 -0.162964 0.935959 2.841000 0.000000 0.000000 0.000000 1.000000
0.953545 -0.160259 0.255086 -0.000000 0.118225 0.977901 0.172429 9.341900 -0.277082 -0.134261 0.951420 2.841000 0.000000 0.000000 0.000000 1.000000
0.951670 -0.203011 0.230460 -0.000000 0.172702 0.974237 0.145037 9.341900 -0.253966 -0.098226 0.962212 2.841000 0.000000 0.000000 0.000000 1.000000
0.946526 -0.233688 0.222437 0.000000 0.204692 0.967901 0.145841 9.341900 -0.249379 -0.092511 0.963977 2.841000 0.000000 0.000000 0.000000 1.000000
0.939590 -0.247650 0.236304 0.000000 0.206417 0.960624 0.185993 9.341900 -0.273060 -0.125980 0.953712 2.841000 0.000000 0.000000 0.000000 1.000000
0.928673 -0.249023 0.274871 0.000000 0.187223 0.954484 0.232181 9.341900 -0.320178 -0.164158 0.933026 2.841000 0.000000 0.000000 0.000000 1.000000
0.912811 -0.244359 0.327207 0.000000 0.161328 0.951826 0.260769 9.341900 -0.375165 -0.185246 0.908259 2.841000 0.000000 0.000000 0.000000 1.000000
0.896632 -0.234628 0.375501 -0.000000 0.135354 0.952706 0.272087 9.341900 -0.421581 -0.193136 0.885984 2.841000 0.000000 0.000000 0.000000 1.000000
0.886095 -0.202053 0.417146 -0.000000 0.099448 0.961901 0.254670 9.341900 -0.452709 -0.184177 0.872429 2.841000 0.000000 0.000000 0.000000 1.000000
0.878572 -0.142281 0.455925 0.000000 0.048015 0.976072 0.212079 9.341900 -0.475191 -0.164435 0.864381 2.841000 0.000000 0.000000 0.000000 1.000000
0.871784 -0.090371 0.481484 0.000000 0.004101 0.984150 0.177291 9.341900 -0.489874 -0.152585 0.858336 2.841000 0.000000 0.000000 0.000000 1.000000
0.875261 -0.071535 0.478332 0.000000 -0.011448 0.985660 0.168354 9.341900 -0.483516 -0.152830 0.861891 2.841000 0.000000 0.000000 0.000000 1.000000
0.893977 -0.076070 0.441610 0.000000 -0.008291 0.982510 0.186028 9.341900 -0.448037 -0.169966 0.877710 2.841000 0.000000 0.000000 0.000000 1.000000
0.917750 -0.091888 0.386382 0.000000 0.010811 0.978287 0.206974 9.341900 -0.397011 -0.185774 0.898816 2.841000 0.000000 0.000000 0.000000 1.000000
0.935885 -0.109187 0.334958 -0.000000 0.036055 0.975454 0.217230 9.341900 -0.350455 -0.191225 0.916850 2.841000 0.000000 0.000000 0.000000 1.000000
0.947490 -0.125544 0.294112 0.000000 0.069575 0.978612 0.193592 9.341900 -0.312126 -0.162964 0.935959 2.841000 0.000000 0.000000 0.000000 1.000000</float_array>
        <technique_common>
          <accessor source="#mixamorig_Head-Matrix-animation-output-transform-array" count="16" stride="16">
            <param type="float4x4"/>
          </accessor>
        </technique_common>
      </source>
      <source id="mixamorig_Head-Interpolations">
        <Name_array id="mixamorig_Head-Interpolations-array" count="16">
 LINEAR LINEAR LINEAR LINEAR LINEAR LINEAR LINEAR LINEAR LINEAR LINEAR LINEAR
LINEAR LINEAR LINEAR LINEAR LINEAR</Name_array>
        <technique_common>
          <accessor source="#mixamorig_Head-Interpolations-array" count="16">
            <param type="name"/>
          </accessor>
        </technique_common>
      </source>
      <sampler id="mixamorig_Head-Matrix-animation-transform">
        <input semantic="INPUT" source="#mixamorig_Head-Matrix-animation-input"/>
        <input semantic="OUTPUT" source="#mixamorig_Head-Matrix-animation-output-transform"/>
        <input semantic="INTERPOLATION" source="#mixamorig_Head-Interpolations"/>
      </sampler>
      <channel source="#mixamorig_Head-Matrix-animation-transform" target="mixamorig_Head/matrix"/>
    </animation>
    <animation id="mixamorig_RightShoulder-anim" name="mixamorig_RightShoulder">
      <source id="mixamorig_RightShoulder-Matrix-animation-input">
        <float_array id="mixamorig_RightShoulder-Matrix-animation-input-array" count="16">

0.000000 0.033333 0.066667 0.100000 0.133333 0.166667 0.200000 0.233333 0.266667 0.300000 0.333333 0.366667 0.400000 0.433333 0.466667 0.500000</float_array>
        <technique_common>
          <accessor source="#mixamorig_RightShoulder-Matrix-animation-input-array" count="16">
            <param name="TIME" type="float"/>
          </accessor>
        </technique_common>
      </source>
      <source id="mixamorig_RightShoulder-Matrix-animation-output-transform">
        <float_array id="mixamorig_RightShoulder-Matrix-animation-output-transform-array" count="256">

-0.169594 -0.985106 -0.028370 -4.570000 0.138780 0.004628 -0.990312 11.195800 0.975694 -0.171888 0.135928 -0.806600 0.000000 0.000000 0.000000 1.000000
-0.127659 -0.991814 0.002884 -4.570000 0.125529 -0.019042 -0.991907 11.195800 0.983842 -0.126264 0.126932 -0.806600 0.000000 0.000000 0.000000 1.000000
-0.039301 -0.997142 0.064520 -4.570000 0.106620 -0.068386 -0.991945 11.195800 0.993523 -0.032105 0.109003 -0.806600 0.000000 0.000000 0.000000 1.000000
0.061768 -0.990547 0.122484 -4.570000 0.100233 -0.115942 -0.988186 11.195800 0.993045 0.073315 0.092124 -0.806600 0.000000 0.000000 0.000000 1.000000
0.152672 -0.977416 0.146113 -4.570000 0.104573 -0.131039 -0.985846 11.195800 0.982729 0.165790 0.082206 -0.806600 0.000000 0.000000 0.000000 1.000000
0.202155 -0.970660 0.130199 -4.570000 0.105838 -0.110513 -0.988223 11.195800 0.973618 0.213555 0.080392 -0.806600 0.000000 0.000000 0.000000 1.000000
0.214642 -0.971457 0.100997 -4.570000 0.103271 -0.080254 -0.991410 11.195800 0.971218 0.223228 0.083097 -0.806600 0.000000 0.000000 0.000000 1.000000
0.216848 -0.972530 0.084626 -4.570000 0.102172 -0.063602 -0.992731 11.195800 0.970844 0.223918 0.085573 -0.806600 0.000000 0.000000 0.000000 1.000000
0.210347 -0.974226 0.081477 -4.570000 0.102706 -0.060859 -0.992848 11.195800 0.972217 0.217211 0.087257 -0.806600 0.000000 0.000000 0.000000 1.000000
0.206230 -0.974926 0.083597 -4.570000 0.103246 -0.063276 -0.992641 11.195800 0.973041 0.213343 0.087608 -0.806600 0.000000 0.000000 0.000000 1.000000
0.205880 -0.974545 0.088738 -4.570000 0.103542 -0.068478 -0.992265 11.195800 0.973084 0.213476 0.086808 -0.806600 0.000000 0.000000 0.000000 1.000000
0.164793 -0.982638 0.085243 -4.570000 0.103501 -0.068720 -0.992252 11.195800 0.980883 0.172339 0.090380 -0.806600 0.000000 0.000000 0.000000 1.000000
0.067904 -0.996015 0.057826 -4.570000 0.106167 -0.050417 -0.993069 11.195800 0.992027 0.073573 0.102320 -0.806600 0.000000 0.000000 0.000000 1.000000
-0.043339 -0.998975 0.013045 -4.570000 0.117952 -0.018082 -0.992855 11.195800 0.992073 -0.041490 0.118615 -0.806600 0.000000 0.000000 0.000000 1.000000
-0.131816 -0.990995 -0.023534 -4.570000 0.133968 0.005713 -0.990969 11.195800 0.982180 -0.133779 0.132009 -0.806600 0.000000 0.000000 0.000000 1.000000
-0.169594 -0.985106 -0.028370 -4.570000 0.138780 0.004628 -0.990312 11.195800 0.975694 -0.171888 0.135928 -0.806600 0.000000 0.000000 0.000000 1.000000</float_array>
        <technique_common>
          <accessor source="#mixamorig_RightShoulder-Matrix-animation-output-transform-array" count="16" stride="16">
            <param type="float4x4"/>
          </accessor>
        </technique_common>
      </source>
      <source id="mixamorig_RightShoulder-Interpolations">
        <Name_array id="mixamorig_RightShoulder-Interpolations-array" count="16">
 LINEAR LINEAR LINEAR LINEAR LINEAR LINEAR LINEAR LINEAR LINEAR LINEAR LINEAR
LINEAR LINEAR LINEAR LINEAR LINEAR</Name_array>
        <technique_common>
          <accessor source="#mixamorig_RightShoulder-Interpolations-array" count="16">
            <param type="name"/>
          </accessor>
        </technique_common>
      </source>
      <sampler id="mixamorig_RightShoulder-Matrix-animation-transform">
        <input semantic="INPUT" source="#mixamorig_RightShoulder-Matrix-animation-input"/>
        <input semantic="OUTPUT" source="#mixamorig_RightShoulder-Matrix-animation-output-transform"/>
        <input semantic="INTERPOLATION" source="#mixamorig_RightShoulder-Interpolations"/>
      </sampler>
      <channel source="#mixamorig_RightShoulder-Matrix-animation-transform" target="mixamorig_RightShoulder/matrix"/>
    </animation>
    <animation id="mixamorig_RightArm-anim" name="mixamorig_RightArm">
      <source id="mixamorig_RightArm-Matrix-animation-input">
        <float_array id="mixamorig_RightArm-Matrix-animation-input-array" count="16">

0.000000 0.033333 0.066667 0.100000 0.133333 0.166667 0.200000 0.233333 0.266667 0.300000 0.333333 0.366667 0.400000 0.433333 0.466667 0.500000</float_array>
        <technique_common>
          <accessor source="#mixamorig_RightArm-Matrix-animation-input-array" count="16">
            <param name="TIME" type="float"/>
          </accessor>
        </technique_common>
      </source>
      <source id="mixamorig_RightArm-Matrix-animation-output-transform">
        <float_array id="mixamorig_RightArm-Matrix-animation-output-transform-array" count="256">

-0.366221 0.767308 -0.526423 0.000000 -0.631035 -0.620555 -0.465517 10.838200 -0.683869 0.161710 0.711459 0.000000 0.000000 0.000000 0.000000 1.000000
-0.197152 0.823283 -0.532293 0.000000 -0.695961 -0.499935 -0.515464 10.838200 -0.690485 0.268831 0.671536 0.000000 0.000000 0.000000 0.000000 1.000000
-0.018759 0.874974 -0.483807 0.000000 -0.778780 -0.316249 -0.541746 10.838200 -0.627017 0.366616 0.687345 0.000000 0.000000 0.000000 0.000000 1.000000
0.114354 0.908136 -0.402755 0.000000 -0.836867 -0.130404 -0.531647 10.838200 -0.535329 0.397848 0.745077 0.000000 0.000000 0.000000 0.000000 1.000000
0.181683 0.927991 -0.325305 -0.000000 -0.857195 -0.012652 -0.514836 10.838200 -0.481879 0.372387 0.793171 -0.000000 0.000000 0.000000 0.000000 1.000000
0.165635 0.945304 -0.281009 -0.000000 -0.855215 -0.004212 -0.518257 10.838200 -0.491093 0.326165 0.807740 0.000000 0.000000 0.000000 0.000000 1.000000
0.082034 0.962189 -0.259736 -0.000000 -0.851758 -0.067630 -0.519552 10.838200 -0.517473 0.263853 0.814004 0.000000 0.000000 0.000000 0.000000 1.000000
-0.011025 0.970822 -0.239546 0.000000 -0.856425 -0.132825 -0.498892 10.838200 -0.516154 0.199653 0.832901 -0.000000 0.000000 0.000000 0.000000 1.000000
-0.075557 0.964939 -0.251365 -0.000000 -0.863739 -0.189295 -0.467036 10.838200 -0.498244 0.181826 0.847757 0.000000 0.000000 0.000000 0.000000 1.000000
-0.111693 0.952867 -0.282081 -0.000000 -0.873121 -0.229647 -0.430025 10.838200 -0.474536 0.198260 0.857618 0.000000 0.000000 0.000000 0.000000 1.000000
-0.129397 0.944643 -0.301507 0.000000 -0.882524 -0.248348 -0.399343 10.838200 -0.452116 0.214413 0.865805 0.000000 0.000000 0.000000 0.000000 1.000000
-0.186563 0.931201 -0.313144 -0.000000 -0.868503 -0.305316 -0.390493 10.838200 -0.459235 0.199115 0.865711 0.000000 0.000000 0.000000 0.000000 1.000000
-0.294969 0.891715 -0.343275 0.000000 -0.809527 -0.424073 -0.405991 10.838200 -0.507602 0.158135 0.846955 0.000000 0.000000 0.000000 0.000000 1.000000
-0.394468 0.829893 -0.394553 -0.000000 -0.714637 -0.546977 -0.436015 10.838200 -0.577658 0.109968 0.808838 0.000000 0.000000 0.000000 0.000000 1.000000
-0.424976 0.776211 -0.465717 0.000000 -0.634965 -0.622303 -0.457775 10.838200 -0.645147 0.101170 0.757331 0.000000 0.000000 0.000000 0.000000 1.000000
-0.366221 0.767308 -0.526423 -0.000000 -0.631035 -0.620555 -0.465517 10.838200 -0.683869 0.161709 0.711458 0.000000 0.000000 0.000000 0.000000 1.000000</float_array>
        <technique_common>
          <accessor source="#mixamorig_RightArm-Matrix-animation-output-transform-array" count="16" stride="16">
            <param type="float4x4"/>
          </accessor>
        </technique_common>
      </source>
      <source id="mixamorig_RightArm-Interpolations">
        <Name_array id="mixamorig_RightArm-Interpolations-array" count="16">
 LINEAR LINEAR LINEAR LINEAR LINEAR LINEAR LINEAR LINEAR LINEAR LINEAR LINEAR
LINEAR LINEAR LINEAR LINEAR LINEAR</Name_array>
        <technique_common>
          <accessor source="#mixamorig_RightArm-Interpolations-array" count="16">
            <param type="name"/>
          </accessor>
        </technique_common>
      </source>
      <sampler id="mixamorig_RightArm-Matrix-animation-transform">
        <input semantic="INPUT" source="#mixamorig_RightArm-Matrix-animation-input"/>
        <input semantic="OUTPUT" source="#mixamorig_RightArm-Matrix-animation-output-transform"/>
        <input semantic="INTERPOLATION" source="#mixamorig_RightArm-Interpolations"/>
      </sampler>
      <channel source="#mixamorig_RightArm-Matrix-animation-transform" target="mixamorig_RightArm/matrix"/>
    </animation>
    <animation id="mixamorig_RightForeArm-anim" name="mixamorig_RightForeArm">
      <source id="mixamorig_RightForeArm-Matrix-animation-input">
        <float_array id="mixamorig_RightForeArm-Matrix-animation-input-array" count="16">

0.000000 0.033333 0.066667 0.100000 0.133333 0.166667 0.200000 0.233333 0.266667 0.300000 0.333333 0.366667 0.400000 0.433333 0.466667 0.500000</float_array>
        <technique_common>
          <accessor source="#mixamorig_RightForeArm-Matrix-animation-input-array" count="16">
            <param name="TIME" type="float"/>
          </accessor>
        </technique_common>
      </source>
      <source id="mixamorig_RightForeArm-Matrix-animation-output-transform">
        <float_array id="mixamorig_RightForeArm-Matrix-animation-output-transform-array" count="256">

0.873936 0.486041 0.000000 -0.000000 -0.486041 0.873936 -0.000000 27.841499 -0.000000 -0.000000 1.000000 0.000000 0.000000 0.000000 0.000000 1.000000
0.783819 0.620989 -0.000000 0.000000 -0.620989 0.783819 -0.000000 27.841499 -0.000000 0.000000 1.000000 -0.000000 0.000000 0.000000 0.000000 1.000000
0.647803 0.761808 -0.000000 0.000000 -0.761808 0.647803 0.000000 27.841499 0.000000 -0.000000 1.000000 0.000000 0.000000 0.000000 0.000000 1.000000
0.523101 0.852271 0.000000 0.000000 -0.852271 0.523101 -0.000000 27.841499 -0.000000 -0.000000 1.000000 0.000000 0.000000 0.000000 0.000000 1.000000
0.463678 0.886004 0.000000 0.000000 -0.886004 0.463678 0.000000 27.841499 0.000000 -0.000000 1.000000 0.000000 0.000000 0.000000 0.000000 1.000000
0.489527 0.871988 0.000000 -0.000000 -0.871988 0.489527 -0.000000 27.841499 -0.000000 0.000000 1.000000 0.000000 0.000000 0.000000 0.000000 1.000000
0.561498 0.827478 0.000000 0.000000 -0.827478 0.561498 -0.000000 27.841499 -0.000000 -0.000000 1.000000 -0.000000 0.000000 0.000000 0.000000 1.000000
0.622030 0.782993 0.000000 0.000000 -0.782993 0.622030 -0.000000 27.841499 -0.000000 -0.000000 1.000000 0.000000 0.000000 0.000000 0.000000 1.000000
0.655878 0.754867 0.000000 -0.000000 -0.754867 0.655878 0.000000 27.841499 -0.000000 -0.000000 1.000000 -0.000000 0.000000 0.000000 0.000000 1.000000
0.671388 0.741106 0.000000 0.000000 -0.741106 0.671388 -0.000000 27.841499 -0.000000 0.000000 1.000000 0.000000 0.000000 0.000000 0.000000 1.000000
0.674261 0.738493 0.000000 0.000000 -0.738493 0.674261 -0.000000 27.841499 -0.000000 -0.000000 1.000000 0.000000 0.000000 0.000000 0.000000 1.000000
0.703078 0.711113 0.000000 0.000000 -0.711113 0.703078 0.000000 27.841499 0.000000 -0.000000 1.000000 -0.000000 0.000000 0.000000 0.000000 1.000000
0.772043 0.635570 0.000000 0.000000 -0.635570 0.772043 -0.000000 27.841499 -0.000000 0.000000 1.000000 0.000000 0.000000 0.000000 0.000000 1.000000
0.850010 0.526766 0.000000 0.000000 -0.526766 0.850010 0.000000 27.841499 0.000000 -0.000000 1.000000 0.000000 0.000000 0.000000 0.000000 1.000000
0.890897 0.454205 -0.000000 0.000000 -0.454205 0.890897 0.000000 27.841499 0.000000 0.000000 1.000000 0.000000 0.000000 0.000000 0.000000 1.000000
0.873936 0.486040 0.000000 0.000000 -0.486040 0.873936 0.000000 27.841499 0.000000 -0.000000 1.000000 -0.000000 0.000000 0.000000 0.000000 1.000000</float_array>
        <technique_common>
          <accessor source="#mixamorig_RightForeArm-Matrix-animation-output-transform-array" count="16" stride="16">
            <param type="float4x4"/>
          </accessor>
        </technique_common>
      </source>
      <source id="mixamorig_RightForeArm-Interpolations">
        <Name_array id="mixamorig_RightForeArm-Interpolations-array" count="16">
 LINEAR LINEAR LINEAR LINEAR LINEAR LINEAR LINEAR LINEAR LINEAR LINEAR LINEAR
LINEAR LINEAR LINEAR LINEAR LINEAR</Name_array>
        <technique_common>
          <accessor source="#mixamorig_RightForeArm-Interpolations-array" count="16">
            <param type="name"/>
          </accessor>
        </technique_common>
      </source>
      <sampler id="mixamorig_RightForeArm-Matrix-animation-transform">
        <input semantic="INPUT" source="#mixamorig_RightForeArm-Matrix-animation-input"/>
        <input semantic="OUTPUT" source="#mixamorig_RightForeArm-Matrix-animation-output-transform"/>
        <input semantic="INTERPOLATION" source="#mixamorig_RightForeArm-Interpolations"/>
      </sampler>
      <channel source="#mixamorig_RightForeArm-Matrix-animation-transform" target="mixamorig_RightForeArm/matrix"/>
    </animation>
    <animation id="mixamorig_RightHand-anim" name="mixamorig_RightHand">
      <source id="mixamorig_RightHand-Matrix-animation-input">
        <float_array id="mixamorig_RightHand-Matrix-animation-input-array" count="16">

0.000000 0.033333 0.066667 0.100000 0.133333 0.166667 0.200000 0.233333 0.266667 0.300000 0.333333 0.366667 0.400000 0.433333 0.466667 0.500000</float_array>
        <technique_common>
