<?xml version="1.0" encoding="utf-8"?>
<COLLADA xmlns="http://www.collada.org/2005/11/COLLADASchema" version="1.4.1">
  <asset>
    <contributor>
      <author>Mixamo</author>
      <authoring_tool>COLLADA Mixamo exporter</authoring_tool>
      <comments/>
    </contributor>
    <created>2024-04-17T16:59:22Z</created>
    <modified>2024-04-17T16:59:22Z</modified>
    <revision/>
    <title/>
    <unit meter="0.010000"/>
    <up_axis>Y_UP</up_axis>
  </asset>
  <library_animations>
    <animation id="mixamorig_Hips-anim" name="mixamorig_Hips">
      <source id="mixamorig_Hips-Matrix-animation-input">
        <float_array id="mixamorig_Hips-Matrix-animation-input-array" count="24">

0.000000 0.033333 0.066667 0.100000 0.133333 0.166667 0.200000 0.233333 0.266667 0.300000 0.333333 0.366667 0.400000 0.433333 0.466667 0.500000
0.533333 0.566667 0.600000 0.633333 0.666667 0.700000 0.733333 0.766667</float_array>
        <technique_common>
          <accessor source="#mixamorig_Hips-Matrix-animation-input-array" count="24">
            <param name="TIME" type="float"/>
          </accessor>
        </technique_common>
      </source>
      <source id="mixamorig_Hips-Matrix-animation-output-transform">
        <float_array id="mixamorig_Hips-Matrix-animation-output-transform-array" count="384">

0.942901 0.016205 -0.332679 -0.501422 -0.075449 0.983244 -0.165946 100.760948 0.324416 0.181571 0.928324 1.984913 0.000000 0.000000 0.000000 1.000000
0.937311 0.004674 -0.348463 -0.293739 -0.074825 0.979290 -0.188131 101.429398 0.340367 0.202411 0.918248 1.240752 0.000000 0.000000 0.000000 1.000000
0.926613 -0.022970 -0.375315 -0.209485 -0.058064 0.977420 -0.203174 101.622993 0.371507 0.210056 0.904356 0.409462 0.000000 0.000000 0.000000 1.000000
0.907088 -0.033810 -0.419581 -0.023447 -0.057548 0.977450 -0.203176 101.323105 0.416989 0.208444 0.884687 -0.222972 0.000000 0.000000 0.000000 1.000000
0.861552 0.005844 -0.507635 0.456517 -0.113742 0.976736 -0.181797 100.277893 0.494763 0.214367 0.842174 0.427532 0.000000 0.000000 0.000000 1.000000
0.854900 0.008412 -0.518724 0.941421 -0.107473 0.981050 -0.161214 99.600395 0.507538 0.193571 0.839604 1.486945 0.000000 0.000000 0.000000 1.000000
0.863845 -0.027446 -0.503010 1.371501 -0.048851 0.989245 -0.137871 98.716545 0.501384 0.143671 0.853213 2.538022 0.000000 0.000000 0.000000 1.000000
0.871510 -0.044339 -0.488368 1.928600 -0.013950 0.993259 -0.115072 97.184700 0.490178 0.107100 0.865017 3.415217 0.000000 0.000000 0.000000 1.000000
0.885411 -0.054835 -0.461564 2.386048 0.008386 0.994740 -0.102091 96.365906 0.464734 0.086521 0.881213 3.157480 0.000000 0.000000 0.000000 1.000000
0.905049 -0.054994 -0.421738 2.761668 0.014488 0.995016 -0.098655 96.650574 0.425061 0.083178 0.901335 2.443395 0.000000 0.000000 0.000000 1.000000
0.912799 -0.055006 -0.404687 3.117381 0.014817 0.994697 -0.101780 97.700386 0.408139 0.086909 0.908773 1.950287 0.000000 0.000000 0.000000 1.000000
0.908646 -0.059053 -0.413370 3.384901 0.014627 0.993843 -0.109824 99.152855 0.417311 0.093745 0.903916 1.970595 0.000000 0.000000 0.000000 1.000000
0.909361 -0.062673 -0.411259 3.361266 0.013610 0.992539 -0.121163 100.167404 0.415784 0.104584 0.903430 2.101153 0.000000 0.000000 0.000000 1.000000
0.924103 -0.062798 -0.376949 3.025934 0.013256 0.991079 -0.132612 100.404007 0.381914 0.117550 0.916692 2.075456 0.000000 0.000000 0.000000 1.000000
0.943628 -0.054215 -0.326538 2.632817 0.008275 0.990051 -0.140465 100.126633 0.330904 0.129845 0.934689 2.068878 0.000000 0.000000 0.000000 1.000000
0.968289 -0.092214 -0.232190 2.091693 0.059835 0.987937 -0.142831 99.457047 0.242560 0.124409 0.962126 2.474331 0.000000 0.000000 0.000000 1.000000
0.983515 -0.139715 -0.114792 1.649229 0.124247 0.983383 -0.132362 98.101486 0.131378 0.115917 0.984532 3.399388 0.000000 0.000000 0.000000 1.000000
0.983456 -0.145252 -0.108237 1.374913 0.131552 0.983461 -0.124490 96.840683 0.124530 0.108192 0.986300 4.404438 0.000000 0.000000 0.000000 1.000000
0.984355 -0.046646 -0.169909 1.583025 0.027000 0.992864 -0.116159 95.022194 0.174115 0.109754 0.978590 4.942745 0.000000 0.000000 0.000000 1.000000
0.978071 0.007685 -0.208130 1.370163 -0.030286 0.993945 -0.105622 93.673309 0.206058 0.109610 0.972381 4.966581 0.000000 0.000000 0.000000 1.000000
0.968383 0.030071 -0.247650 0.826448 -0.057220 0.993016 -0.103171 93.635956 0.242818 0.114079 0.963341 4.314850 0.000000 0.000000 0.000000 1.000000
0.958477 0.040280 -0.282312 0.244305 -0.074276 0.991067 -0.110771 95.142914 0.275328 0.127140 0.952906 3.413872 0.000000 0.000000 0.000000 1.000000
0.952352 0.034491 -0.303045 -0.228291 -0.076314 0.988928 -0.127270 97.363152 0.295300 0.144332 0.944439 2.689466 0.000000 0.000000 0.000000 1.000000
0.946947 0.021457 -0.320673 -0.471608 -0.073667 0.985696 -0.151583 99.701363 0.312834 0.167164 0.934982 2.186713 0.000000 0.000000 0.000000 1.000000</float_array>
        <technique_common>
          <accessor source="#mixamorig_Hips-Matrix-animation-output-transform-array" count="24" stride="16">
            <param type="float4x4"/>
          </accessor>
        </technique_common>
      </source>
      <source id="mixamorig_Hips-Interpolations">
        <Name_array id="mixamorig_Hips-Interpolations-array" count="24">
 LINEAR LINEAR LINEAR LINEAR LINEAR LINEAR LINEAR LINEAR LINEAR LINEAR LINEAR
LINEAR LINEAR LINEAR LINEAR LINEAR LINEAR LINEAR LINEAR LINEAR LINEAR LINEAR LINEAR
LINEAR</Name_array>
        <technique_common>
          <accessor source="#mixamorig_Hips-Interpolations-array" count="24">
            <param type="name"/>
          </accessor>
        </technique_common>
      </source>
      <sampler id="mixamorig_Hips-Matrix-animation-transform">
        <input semantic="INPUT" source="#mixamorig_Hips-Matrix-animation-input"/>
        <input semantic="OUTPUT" source="#mixamorig_Hips-Matrix-animation-output-transform"/>
        <input semantic="INTERPOLATION" source="#mixamorig_Hips-Interpolations"/>
      </sampler>
      <channel source="#mixamorig_Hips-Matrix-animation-transform" target="mixamorig_Hips/matrix"/>
    </animation>
    <animation id="mixamorig_Spine-anim" name="mixamorig_Spine">
      <source id="mixamorig_Spine-Matrix-animation-input">
        <float_array id="mixamorig_Spine-Matrix-animation-input-array" count="24">

0.000000 0.033333 0.066667 0.100000 0.133333 0.166667 0.200000 0.233333 0.266667 0.300000 0.333333 0.366667 0.400000 0.433333 0.466667 0.500000
0.533333 0.566667 0.600000 0.633333 0.666667 0.700000 0.733333 0.766667</float_array>
        <technique_common>
          <accessor source="#mixamorig_Spine-Matrix-animation-input-array" count="24">
            <param name="TIME" type="float"/>
          </accessor>
        </technique_common>
      </source>
      <source id="mixamorig_Spine-Matrix-animation-output-transform">
        <float_array id="mixamorig_Spine-Matrix-animation-output-transform-array" count="384">

0.997814 -0.060282 0.027075 -0.000000 0.056883 0.992032 0.112411 10.182400 -0.033635 -0.110625 0.993293 -0.000000 0.000000 0.000000 0.000000 1.000000
0.997448 -0.058737 0.040590 -0.000000 0.053425 0.991161 0.121434 10.182400 -0.047364 -0.118955 0.991769 -0.000000 0.000000 0.000000 0.000000 1.000000
0.997454 -0.033318 0.063057 -0.000000 0.024992 0.991394 0.128505 10.182400 -0.066796 -0.126602 0.989702 -0.000000 0.000000 0.000000 0.000000 1.000000
0.995397 -0.024371 0.092683 0.000000 0.011782 0.990909 0.134016 10.182400 -0.095106 -0.132307 0.986636 0.000000 0.000000 0.000000 0.000000 1.000000
0.983870 -0.083095 0.158415 0.000000 0.060123 0.987654 0.144653 10.182400 -0.168479 -0.132795 0.976719 0.000000 0.000000 0.000000 0.000000 1.000000
0.985454 -0.085853 0.146659 -0.000000 0.063513 0.986531 0.150743 10.182400 -0.157625 -0.139236 0.977634 0.000000 0.000000 0.000000 0.000000 1.000000
0.992870 -0.031725 0.114899 -0.000000 0.014543 0.988970 0.147397 10.182400 -0.118308 -0.144676 0.982381 0.000000 0.000000 0.000000 0.000000 1.000000
0.995923 -0.002323 0.090174 0.000000 -0.010632 0.989677 0.142920 10.182400 -0.089575 -0.143296 0.985618 -0.000000 0.000000 0.000000 0.000000 1.000000
0.997467 0.013465 0.069843 -0.000000 -0.022667 0.990900 0.132682 10.182400 -0.067421 -0.133929 0.988695 0.000000 0.000000 0.000000 0.000000 1.000000
0.998848 0.009012 0.047133 0.000000 -0.014629 0.992640 0.120216 10.182400 -0.045703 -0.120767 0.991628 0.000000 0.000000 0.000000 0.000000 1.000000
0.999198 -0.002186 0.039993 0.000000 -0.002312 0.993696 0.112087 10.182400 -0.039986 -0.112089 0.992893 0.000000 0.000000 0.000000 0.000000 1.000000
0.998999 -0.008966 0.043835 0.000000 0.004011 0.993718 0.111843 10.182400 -0.044562 -0.111555 0.992759 0.000000 0.000000 0.000000 0.000000 1.000000
0.999278 -0.007550 0.037229 0.000000 0.003201 0.993298 0.115536 10.182400 -0.037852 -0.115333 0.992605 -0.000000 0.000000 0.000000 0.000000 1.000000
0.999931 0.001535 0.011641 -0.000000 -0.002907 0.992910 0.118830 10.182400 -0.011376 -0.118856 0.992846 -0.000000 0.000000 0.000000 0.000000 1.000000
0.999760 0.004492 -0.021424 0.000000 -0.001854 0.992577 0.121602 10.182400 0.021811 -0.121533 0.992348 0.000000 0.000000 0.000000 0.000000 1.000000
0.994061 0.063640 -0.088271 -0.000000 -0.051947 0.990289 0.128956 10.182400 0.095621 -0.123605 0.987714 0.000000 0.000000 0.000000 0.000000 1.000000
0.977279 0.125086 -0.171109 0.000000 -0.101426 0.984848 0.140670 10.182400 0.186112 -0.120119 0.975158 -0.000000 0.000000 0.000000 0.000000 1.000000
0.981928 0.117536 -0.148330 0.000000 -0.096223 0.984962 0.143493 10.182400 0.162965 -0.126627 0.978472 0.000000 0.000000 0.000000 0.000000 1.000000
0.996435 -0.015923 -0.082842 0.000000 0.026677 0.991106 0.130373 10.182400 0.080029 -0.132118 0.987998 -0.000000 0.000000 0.000000 0.000000 1.000000
0.995630 -0.078081 -0.051225 0.000000 0.083765 0.989201 0.120274 10.182400 0.041281 -0.124039 0.991418 -0.000000 0.000000 0.000000 0.000000 1.000000
0.995515 -0.090752 -0.026722 0.000000 0.093208 0.989235 0.112807 10.182400 0.016197 -0.114792 0.993257 -0.000000 0.000000 0.000000 0.000000 1.000000
0.996117 -0.087902 -0.004833 0.000000 0.087905 0.990170 0.108794 10.182400 -0.004778 -0.108797 0.994053 0.000000 0.000000 0.000000 0.000000 1.000000
0.997327 -0.072514 0.008945 -0.000000 0.071139 0.991663 0.107445 10.182400 -0.016661 -0.106522 0.994171 0.000000 0.000000 0.000000 0.000000 1.000000
0.997985 -0.060294 0.019756 -0.000000 0.057783 0.992302 0.109532 10.182400 -0.026208 -0.108169 0.993787 -0.000000 0.000000 0.000000 0.000000 1.000000</float_array>
        <technique_common>
          <accessor source="#mixamorig_Spine-Matrix-animation-output-transform-array" count="24" stride="16">
            <param type="float4x4"/>
          </accessor>
        </technique_common>
      </source>
      <source id="mixamorig_Spine-Interpolations">
        <Name_array id="mixamorig_Spine-Interpolations-array" count="24">
 LINEAR LINEAR LINEAR LINEAR LINEAR LINEAR LINEAR LINEAR LINEAR LINEAR LINEAR
LINEAR LINEAR LINEAR LINEAR LINEAR LINEAR LINEAR LINEAR LINEAR LINEAR LINEAR LINEAR
LINEAR</Name_array>
        <technique_common>
          <accessor source="#mixamorig_Spine-Interpolations-array" count="24">
            <param type="name"/>
          </accessor>
        </technique_common>
      </source>
      <sampler id="mixamorig_Spine-Matrix-animation-transform">
        <input semantic="INPUT" source="#mixamorig_Spine-Matrix-animation-input"/>
        <input semantic="OUTPUT" source="#mixamorig_Spine-Matrix-animation-output-transform"/>
        <input semantic="INTERPOLATION" source="#mixamorig_Spine-Interpolations"/>
      </sampler>
      <channel source="#mixamorig_Spine-Matrix-animation-transform" target="mixamorig_Spine/matrix"/>
    </animation>
    <animation id="mixamorig_Spine1-anim" name="mixamorig_Spine1">
      <source id="mixamorig_Spine1-Matrix-animation-input">
        <float_array id="mixamorig_Spine1-Matrix-animation-input-array" count="24">

0.000000 0.033333 0.066667 0.100000 0.133333 0.166667 0.200000 0.233333 0.266667 0.300000 0.333333 0.366667 0.400000 0.433333 0.466667 0.500000
0.533333 0.566667 0.600000 0.633333 0.666667 0.700000 0.733333 0.766667</float_array>
        <technique_common>
          <accessor source="#mixamorig_Spine1-Matrix-animation-input-array" count="24">
            <param name="TIME" type="float"/>
          </accessor>
        </technique_common>
      </source>
      <source id="mixamorig_Spine1-Matrix-animation-output-transform">
        <float_array id="mixamorig_Spine1-Matrix-animation-output-transform-array" count="384">

0.996977 -0.000968 -0.077693 0.000000 -0.002686 0.998895 -0.046918 10.002700 0.077652 0.046985 0.995873 0.000000 0.000000 0.000000 0.000000 1.000000
0.997455 0.000488 -0.071293 -0.000000 -0.003308 0.999217 -0.039435 10.002700 0.071218 0.039570 0.996676 -0.000000 0.000000 0.000000 0.000000 1.000000
0.998160 0.003047 -0.060552 -0.000000 -0.005070 0.999433 -0.033282 10.002700 0.060416 0.033528 0.997610 0.000000 0.000000 0.000000 0.000000 1.000000
0.998946 0.004344 -0.045694 0.000000 -0.005653 0.999577 -0.028543 10.002700 0.045551 0.028771 0.998548 0.000000 0.000000 0.000000 0.000000 1.000000
0.999500 0.002609 -0.031511 0.000000 -0.003348 0.999720 -0.023419 10.002700 0.031441 0.023513 0.999229 0.000000 0.000000 0.000000 0.000000 1.000000
0.999720 0.005645 -0.023001 0.000000 -0.006086 0.999798 -0.019151 10.002700 0.022888 0.019285 0.999552 0.000000 0.000000 0.000000 0.000000 1.000000
0.999658 0.012589 -0.022923 0.000000 -0.012984 0.999768 -0.017187 10.002700 0.022701 0.017479 0.999589 0.000000 0.000000 0.000000 0.000000 1.000000
0.999328 0.018429 -0.031695 0.000000 -0.019051 0.999630 -0.019433 10.002700 0.031325 0.020024 0.999309 0.000000 0.000000 0.000000 0.000000 1.000000
0.998573 0.025443 -0.046964 0.000000 -0.026780 0.999248 -0.028058 10.002700 0.046214 0.029275 0.998502 -0.000000 0.000000 0.000000 0.000000 1.000000
0.997777 0.027902 -0.060516 0.000000 -0.030286 0.998787 -0.038834 10.002700 0.059359 0.040580 0.997412 0.000000 0.000000 0.000000 0.000000 1.000000
0.997670 0.022497 -0.064404 0.000000 -0.025479 0.998623 -0.045863 10.002700 0.063284 0.047397 0.996869 -0.000000 0.000000 0.000000 0.000000 1.000000
0.997906 0.013666 -0.063221 0.000000 -0.016625 0.998779 -0.046514 10.002700 0.062509 0.047467 0.996915 0.000000 0.000000 0.000000 0.000000 1.000000
0.997565 0.007173 -0.069379 0.000000 -0.010241 0.998981 -0.043962 10.002700 0.068993 0.044566 0.996621 -0.000000 0.000000 0.000000 0.000000 1.000000
0.996227 0.004387 -0.086678 -0.000000 -0.008020 0.999101 -0.041620 10.002700 0.086417 0.042158 0.995367 0.000000 0.000000 0.000000 0.000000 1.000000
0.994205 0.002769 -0.107469 0.000000 -0.007031 0.999203 -0.039295 10.002700 0.107275 0.039823 0.993432 0.000000 0.000000 0.000000 0.000000 1.000000
0.992301 0.006284 -0.123692 0.000000 -0.010554 0.999370 -0.033897 10.002700 0.123401 0.034941 0.991742 -0.000000 0.000000 0.000000 0.000000 1.000000
0.990971 0.011122 -0.133615 0.000000 -0.014952 0.999505 -0.027697 10.002700 0.133240 0.029444 0.990646 -0.000000 0.000000 0.000000 0.000000 1.000000
0.990588 0.012987 -0.136262 -0.000000 -0.016701 0.999519 -0.026146 10.002700 0.135857 0.028176 0.990328 0.000000 0.000000 0.000000 0.000000 1.000000
0.991562 0.001061 -0.129628 0.000000 -0.005243 0.999476 -0.031927 10.002700 0.129527 0.032337 0.991049 -0.000000 0.000000 0.000000 0.000000 1.000000
0.993191 -0.009387 -0.116116 0.000000 0.004638 0.999144 -0.041100 10.002700 0.116402 0.040282 0.992385 0.000000 0.000000 0.000000 0.000000 1.000000
0.994508 -0.014516 -0.103653 0.000000 0.009533 0.998782 -0.048409 10.002700 0.104229 0.047155 0.993435 0.000000 0.000000 0.000000 0.000000 1.000000
0.995271 -0.013354 -0.096211 0.000000 0.008441 0.998648 -0.051297 10.002700 0.096766 0.050242 0.994038 0.000000 0.000000 0.000000 0.000000 1.000000
0.995857 -0.008150 -0.090569 0.000000 0.003496 0.998670 -0.051432 10.002700 0.090868 0.050903 0.994561 0.000000 0.000000 0.000000 0.000000 1.000000
0.996569 -0.002839 -0.082715 0.000000 -0.001237 0.998789 -0.049180 10.002700 0.082755 0.049114 0.995359 -0.000000 0.000000 0.000000 0.000000 1.000000</float_array>
        <technique_common>
          <accessor source="#mixamorig_Spine1-Matrix-animation-output-transform-array" count="24" stride="16">
            <param type="float4x4"/>
          </accessor>
        </technique_common>
      </source>
      <source id="mixamorig_Spine1-Interpolations">
        <Name_array id="mixamorig_Spine1-Interpolations-array" count="24">
 LINEAR LINEAR LINEAR LINEAR LINEAR LINEAR LINEAR LINEAR LINEAR LINEAR LINEAR
LINEAR LINEAR LINEAR LINEAR LINEAR LINEAR LINEAR LINEAR LINEAR LINEAR LINEAR LINEAR
LINEAR</Name_array>
        <technique_common>
          <accessor source="#mixamorig_Spine1-Interpolations-array" count="24">
            <param type="name"/>
          </accessor>
        </technique_common>
      </source>
      <sampler id="mixamorig_Spine1-Matrix-animation-transform">
        <input semantic="INPUT" source="#mixamorig_Spine1-Matrix-animation-input"/>
        <input semantic="OUTPUT" source="#mixamorig_Spine1-Matrix-animation-output-transform"/>
        <input semantic="INTERPOLATION" source="#mixamorig_Spine1-Interpolations"/>
      </sampler>
      <channel source="#mixamorig_Spine1-Matrix-animation-transform" target="mixamorig_Spine1/matrix"/>
    </animation>
    <animation id="mixamorig_Spine2-anim" name="mixamorig_Spine2">
      <source id="mixamorig_Spine2-Matrix-animation-input">
        <float_array id="mixamorig_Spine2-Matrix-animation-input-array" count="24">

0.000000 0.033333 0.066667 0.100000 0.133333 0.166667 0.200000 0.233333 0.266667 0.300000 0.333333 0.366667 0.400000 0.433333 0.466667 0.500000
0.533333 0.566667 0.600000 0.633333 0.666667 0.700000 0.733333 0.766667</float_array>
        <technique_common>
          <accessor source="#mixamorig_Spine2-Matrix-animation-input-array" count="24">
            <param name="TIME" type="float"/>
          </accessor>
        </technique_common>
      </source>
      <source id="mixamorig_Spine2-Matrix-animation-output-transform">
        <float_array id="mixamorig_Spine2-Matrix-animation-output-transform-array" count="384">

0.984969 -0.060730 -0.161702 -0.000000 0.047914 0.995479 -0.082010 9.322100 0.165952 0.073029 0.983426 0.000000 0.000000 0.000000 0.000000 1.000000
0.986085 -0.059134 -0.155366 0.000000 0.047995 0.996066 -0.074493 9.322100 0.159160 0.066000 0.985044 0.000000 0.000000 0.000000 0.000000 1.000000
0.987845 -0.056315 -0.144882 0.000000 0.046822 0.996578 -0.068116 9.322100 0.148222 0.060504 0.987102 0.000000 0.000000 0.000000 0.000000 1.000000
0.989992 -0.054705 -0.130086 0.000000 0.046760 0.996894 -0.063368 9.322100 0.133149 0.056651 0.989476 0.000000 0.000000 0.000000 0.000000 1.000000
0.991725 -0.056133 -0.115454 -0.000000 0.049633 0.997057 -0.058426 9.322100 0.118394 0.052213 0.991593 -0.000000 0.000000 0.000000 0.000000 1.000000
0.992837 -0.052916 -0.107121 0.000000 0.047329 0.997416 -0.054046 9.322100 0.109704 0.048589 0.992776 0.000000 0.000000 0.000000 0.000000 1.000000
0.993128 -0.045994 -0.107620 0.000000 0.040612 0.997838 -0.051676 9.322100 0.109764 0.046951 0.992848 0.000000 0.000000 0.000000 0.000000 1.000000
0.992340 -0.040367 -0.116756 0.000000 0.034305 0.997980 -0.053478 9.322100 0.118679 0.049063 0.991720 -0.000000 0.000000 0.000000 0.000000 1.000000
0.990660 -0.033626 -0.132144 0.000000 0.025688 0.997787 -0.061322 9.322100 0.133914 0.057355 0.989332 0.000000 0.000000 0.000000 0.000000 1.000000
0.988870 -0.031377 -0.145435 0.000000 0.021094 0.997202 -0.071718 9.322100 0.147278 0.067852 0.986765 0.000000 0.000000 0.000000 0.000000 1.000000
0.988163 -0.036873 -0.148909 -0.000000 0.025251 0.996539 -0.079195 9.322100 0.151314 0.074498 0.985674 0.000000 0.000000 0.000000 0.000000 1.000000
0.988004 -0.045695 -0.147510 0.000000 0.034036 0.996164 -0.080618 9.322100 0.150628 0.074630 0.985770 0.000000 0.000000 0.000000 0.000000 1.000000
0.986729 -0.052287 -0.153726 0.000000 0.040544 0.996085 -0.078560 9.322100 0.157231 0.071285 0.984986 0.000000 0.000000 0.000000 0.000000 1.000000
0.983685 -0.055358 -0.171173 -0.000000 0.042802 0.996174 -0.076197 9.322100 0.174736 0.067627 0.982290 -0.000000 0.000000 0.000000 0.000000 1.000000
0.979731 -0.057400 -0.191920 0.000000 0.043943 0.996315 -0.073656 9.322100 0.195441 0.063729 0.978643 0.000000 0.000000 0.000000 0.000000 1.000000
0.976511 -0.054471 -0.208471 -0.000000 0.041214 0.996873 -0.067421 9.322100 0.211491 0.057246 0.975702 0.000000 0.000000 0.000000 0.000000 1.000000
0.974559 -0.050074 -0.218465 0.000000 0.037728 0.997466 -0.060323 9.322100 0.220932 0.050546 0.973979 0.000000 0.000000 0.000000 0.000000 1.000000
0.974141 -0.048091 -0.220764 0.000000 0.035985 0.997636 -0.058540 9.322100 0.223058 0.049083 0.973569 -0.000000 0.000000 0.000000 0.000000 1.000000
0.975218 -0.059419 -0.213120 0.000000 0.046176 0.996711 -0.066590 9.322100 0.216376 0.055099 0.974754 0.000000 0.000000 0.000000 0.000000 1.000000
0.977493 -0.069405 -0.199222 0.000000 0.054973 0.995508 -0.077089 9.322100 0.203677 0.064402 0.976918 0.000000 0.000000 0.000000 0.000000 1.000000
0.979582 -0.074414 -0.186767 0.000000 0.059398 0.994630 -0.084753 9.322100 0.192071 0.071928 0.978742 0.000000 0.000000 0.000000 0.000000 1.000000
0.981030 -0.073332 -0.179451 0.000000 0.058333 0.994457 -0.087484 9.322100 0.184871 0.075357 0.979869 0.000000 0.000000 0.000000 0.000000 1.000000
0.982370 -0.068169 -0.174077 0.000000 0.053589 0.994754 -0.087131 9.322100 0.179103 0.076266 0.980870 -0.000000 0.000000 0.000000 0.000000 1.000000
0.984032 -0.062726 -0.166574 -0.000000 0.049150 0.995218 -0.084408 9.322100 0.171072 0.074873 0.982409 -0.000000 0.000000 0.000000 0.000000 1.000000</float_array>
        <technique_common>
          <accessor source="#mixamorig_Spine2-Matrix-animation-output-transform-array" count="24" stride="16">
            <param type="float4x4"/>
          </accessor>
        </technique_common>
      </source>
      <source id="mixamorig_Spine2-Interpolations">
        <Name_array id="mixamorig_Spine2-Interpolations-array" count="24">
 LINEAR LINEAR LINEAR LINEAR LINEAR LINEAR LINEAR LINEAR LINEAR LINEAR LINEAR
LINEAR LINEAR LINEAR LINEAR LINEAR LINEAR LINEAR LINEAR LINEAR LINEAR LINEAR LINEAR
LINEAR</Name_array>
        <technique_common>
          <accessor source="#mixamorig_Spine2-Interpolations-array" count="24">
            <param type="name"/>
          </accessor>
        </technique_common>
      </source>
      <sampler id="mixamorig_Spine2-Matrix-animation-transform">
        <input semantic="INPUT" source="#mixamorig_Spine2-Matrix-animation-input"/>
        <input semantic="OUTPUT" source="#mixamorig_Spine2-Matrix-animation-output-transform"/>
        <input semantic="INTERPOLATION" source="#mixamorig_Spine2-Interpolations"/>
      </sampler>
      <channel source="#mixamorig_Spine2-Matrix-animation-transform" target="mixamorig_Spine2/matrix"/>
    </animation>
    <animation id="mixamorig_Neck-anim" name="mixamorig_Neck">
      <source id="mixamorig_Neck-Matrix-animation-input">
        <float_array id="mixamorig_Neck-Matrix-animation-input-array" count="24">

0.000000 0.033333 0.066667 0.100000 0.133333 0.166667 0.200000 0.233333 0.266667 0.300000 0.333333 0.366667 0.400000 0.433333 0.466667 0.500000
0.533333 0.566667 0.600000 0.633333 0.666667 0.700000 0.733333 0.766667</float_array>
        <technique_common>
          <accessor source="#mixamorig_Neck-Matrix-animation-input-array" count="24">
            <param name="TIME" type="float"/>
          </accessor>
        </technique_common>
      </source>
      <source id="mixamorig_Neck-Matrix-animation-output-transform">
        <float_array id="mixamorig_Neck-Matrix-animation-output-transform-array" count="384">

0.989933 0.061734 0.127366 0.000000 -0.034255 0.977614 -0.207601 16.865299 -0.137331 0.201148 0.969886 0.000000 0.000000 0.000000 0.000000 1.000000
0.989876 0.065198 0.126073 0.000000 -0.038099 0.977709 -0.206477 16.865299 -0.136725 0.199583 0.970295 0.000000 0.000000 0.000000 0.000000 1.000000
0.989996 0.066518 0.124430 0.000000 -0.040559 0.978840 -0.200569 16.865299 -0.135138 0.193516 0.971745 -0.000000 0.000000 0.000000 0.000000 1.000000
0.990295 0.066936 0.121799 -0.000000 -0.042075 0.979645 -0.196279 16.865299 -0.132458 0.189249 0.972954 0.000000 0.000000 0.000000 0.000000 1.000000
0.990417 0.071691 0.118046 0.000000 -0.046837 0.978423 -0.201235 16.865299 -0.129926 0.193777 0.972404 -0.000000 0.000000 0.000000 0.000000 1.000000
0.990635 0.068641 0.118027 0.000000 -0.042754 0.976916 -0.209300 16.865299 -0.129669 0.202294 0.970702 -0.000000 0.000000 0.000000 0.000000 1.000000
0.990711 0.061636 0.121213 -0.000000 -0.034484 0.976115 -0.214501 16.865299 -0.131538 0.208329 0.969173 0.000000 0.000000 0.000000 0.000000 1.000000
0.990560 0.054781 0.125656 0.000000 -0.027211 0.977014 -0.211431 16.865299 -0.134350 0.206015 0.969282 0.000000 0.000000 0.000000 0.000000 1.000000
0.990294 0.049779 0.129772 0.000000 -0.022823 0.979231 -0.201460 16.865299 -0.137105 0.196543 0.970862 0.000000 0.000000 0.000000 0.000000 1.000000
0.990046 0.050996 0.131183 0.000000 -0.024528 0.980303 -0.195971 16.865299 -0.138592 0.190802 0.971796 0.000000 0.000000 0.000000 0.000000 1.000000
0.989816 0.058386 0.129825 0.000000 -0.031516 0.979265 -0.200116 16.865299 -0.138817 0.193987 0.971133 0.000000 0.000000 0.000000 0.000000 1.000000
0.989446 0.065424 0.129294 0.000000 -0.037629 0.977670 -0.206749 16.865299 -0.139934 0.199702 0.969813 0.000000 0.000000 0.000000 0.000000 1.000000
0.988960 0.065861 0.132741 0.000000 -0.037353 0.977671 -0.206793 16.865299 -0.143396 0.199552 0.969338 -0.000000 0.000000 0.000000 0.000000 1.000000
0.988522 0.059728 0.138770 0.000000 -0.030904 0.979052 -0.201251 16.865299 -0.147883 0.194653 0.969660 -0.000000 0.000000 0.000000 0.000000 1.000000
0.988218 0.052882 0.143625 0.000000 -0.023689 0.979952 -0.197820 16.865299 -0.151207 0.192087 0.969659 -0.000000 0.000000 0.000000 0.000000 1.000000
0.988100 0.044360 0.147276 0.000000 -0.013921 0.979371 -0.201592 16.865299 -0.153181 0.197143 0.968334 -0.000000 0.000000 0.000000 0.000000 1.000000
0.988055 0.044843 0.147430 0.000000 -0.013472 0.978196 -0.207246 16.865299 -0.153509 0.202784 0.967116 0.000000 0.000000 0.000000 0.000000 1.000000
0.988114 0.055311 0.143430 -0.000000 -0.024668 0.977988 -0.207198 16.865299 -0.151733 0.201197 0.967728 -0.000000 0.000000 0.000000 0.000000 1.000000
0.988209 0.067984 0.137188 0.000000 -0.039031 0.978269 -0.203633 16.865299 -0.148050 0.195878 0.969388 0.000000 0.000000 0.000000 0.000000 1.000000
0.988465 0.072621 0.132900 0.000000 -0.045151 0.978937 -0.199110 16.865299 -0.144561 0.190812 0.970924 0.000000 0.000000 0.000000 0.000000 1.000000
0.988747 0.072356 0.130932 0.000000 -0.045371 0.979064 -0.198434 16.865299 -0.142548 0.190260 0.971329 -0.000000 0.000000 0.000000 0.000000 1.000000
0.989099 0.068623 0.130285 0.000000 -0.041274 0.978506 -0.202047 16.865299 -0.141350 0.194467 0.970671 0.000000 0.000000 0.000000 0.000000 1.000000
0.989510 0.063973 0.129526 0.000000 -0.036296 0.977938 -0.205719 16.865299 -0.139828 0.198859 0.970002 0.000000 0.000000 0.000000 0.000000 1.000000
0.989849 0.061418 0.128163 0.000000 -0.033804 0.977666 -0.207430 16.865299 -0.138041 0.200992 0.969818 -0.000000 0.000000 0.000000 0.000000 1.000000</float_array>
        <technique_common>
          <accessor source="#mixamorig_Neck-Matrix-animation-output-transform-array" count="24" stride="16">
            <param type="float4x4"/>
          </accessor>
        </technique_common>
      </source>
      <source id="mixamorig_Neck-Interpolations">
        <Name_array id="mixamorig_Neck-Interpolations-array" count="24">
 LINEAR LINEAR LINEAR LINEAR LINEAR LINEAR LINEAR LINEAR LINEAR LINEAR LINEAR
LINEAR LINEAR LINEAR LINEAR LINEAR LINEAR LINEAR LINEAR LINEAR LINEAR LINEAR LINEAR
LINEAR</Name_array>
        <technique_common>
          <accessor source="#mixamorig_Neck-Interpolations-array" count="24">
            <param type="name"/>
          </accessor>
        </technique_common>
      </source>
      <sampler id="mixamorig_Neck-Matrix-animation-transform">
        <input semantic="INPUT" source="#mixamorig_Neck-Matrix-animation-input"/>
        <input semantic="OUTPUT" source="#mixamorig_Neck-Matrix-animation-output-transform"/>
        <input semantic="INTERPOLATION" source="#mixamorig_Neck-Interpolations"/>
      </sampler>
      <channel source="#mixamorig_Neck-Matrix-animation-transform" target="mixamorig_Neck/matrix"/>
    </animation>
    <animation id="mixamorig_Head-anim" name="mixamorig_Head">
      <source id="mixamorig_Head-Matrix-animation-input">
        <float_array id="mixamorig_Head-Matrix-animation-input-array" count="24">

0.000000 0.033333 0.066667 0.100000 0.133333 0.166667 0.200000 0.233333 0.266667 0.300000 0.333333 0.366667 0.400000 0.433333 0.466667 0.500000
0.533333 0.566667 0.600000 0.633333 0.666667 0.700000 0.733333 0.766667</float_array>
        <technique_common>
          <accessor source="#mixamorig_Head-Matrix-animation-input-array" count="24">
            <param name="TIME" type="float"/>
          </accessor>
        </technique_common>
      </source>
      <source id="mixamorig_Head-Matrix-animation-output-transform">
        <float_array id="mixamorig_Head-Matrix-animation-output-transform-array" count="384">

0.929854 -0.175097 0.323593 0.000000 0.179140 0.983668 0.017503 9.341900 -0.321373 0.041694 0.946034 2.841000 0.000000 0.000000 0.000000 1.000000
0.931494 -0.170059 0.321557 0.000000 0.170730 0.984966 0.026337 9.341900 -0.321201 0.030367 0.946524 2.841000 0.000000 0.000000 0.000000 1.000000
0.931754 -0.171398 0.320088 0.000000 0.169350 0.984954 0.034448 9.341900 -0.321176 0.022110 0.946761 2.841000 0.000000 0.000000 0.000000 1.000000
0.931639 -0.173901 0.319073 0.000000 0.172637 0.984450 0.032473 9.341900 -0.319758 0.024830 0.947174 2.841000 0.000000 0.000000 0.000000 1.000000
0.933702 -0.165493 0.317511 -0.000000 0.170512 0.985281 0.012127 9.341900 -0.314845 0.042817 0.948177 2.841000 0.000000 0.000000 0.000000 1.000000
0.931562 -0.168496 0.322182 0.000000 0.181017 0.983438 -0.009073 9.341900 -0.315317 0.066773 0.946634 2.841000 0.000000 0.000000 0.000000 1.000000
0.926140 -0.177090 0.333022 0.000000 0.196484 0.980183 -0.025196 9.341900 -0.321961 0.088768 0.942582 2.841000 0.000000 0.000000 0.000000 1.000000
0.919596 -0.191363 0.343108 0.000000 0.211918 0.977015 -0.023069 9.341900 -0.330807 0.093925 0.939013 2.841000 0.000000 0.000000 0.000000 1.000000
0.914486 -0.209042 0.346435 -0.000000 0.221113 0.975236 0.004794 9.341900 -0.338859 0.072217 0.938062 2.841000 0.000000 0.000000 0.000000 1.000000
0.915680 -0.208317 0.343706 0.000000 0.210718 0.977061 0.030807 9.341900 -0.342239 0.044215 0.938572 2.841000 0.000000 0.000000 0.000000 1.000000
0.921732 -0.183028 0.341921 0.000000 0.184004 0.982471 0.029881 9.341900 -0.341397 0.035373 0.939253 2.841000 0.000000 0.000000 0.000000 1.000000
0.924737 -0.159129 0.345744 0.000000 0.165494 0.986147 0.011240 9.341900 -0.342742 0.046825 0.938262 2.841000 0.000000 0.000000 0.000000 1.000000
0.921018 -0.159225 0.355490 0.000000 0.169424 0.985540 0.002475 9.341900 -0.350743 0.057949 0.934677 2.841000 0.000000 0.000000 0.000000 1.000000
0.913534 -0.174554 0.367405 0.000000 0.184000 0.982881 0.009459 9.341900 -0.362766 0.058962 0.930013 2.841000 0.000000 0.000000 0.000000 1.000000
0.908290 -0.183397 0.375999 -0.000000 0.192037 0.981277 0.014728 9.341900 -0.371661 0.058828 0.926503 2.841000 0.000000 0.000000 0.000000 1.000000
0.905232 -0.191503 0.379317 0.000000 0.204164 0.978912 0.006983 9.341900 -0.372655 0.071122 0.925240 2.841000 0.000000 0.000000 0.000000 1.000000
0.909197 -0.187333 0.371844 -0.000000 0.205140 0.978696 -0.008526 9.341900 -0.362325 0.084032 0.928256 2.841000 0.000000 0.000000 0.000000 1.000000
0.919629 -0.169539 0.354314 -0.000000 0.187492 0.982124 -0.016695 9.341900 -0.345150 0.081784 0.934977 2.841000 0.000000 0.000000 0.000000 1.000000
0.930332 -0.147326 0.335822 0.000000 0.162434 0.986570 -0.017181 9.341900 -0.328781 0.070533 0.941769 2.841000 0.000000 0.000000 0.000000 1.000000
0.934360 -0.141218 0.327153 0.000000 0.153190 0.988136 -0.010978 9.341900 -0.321722 0.060374 0.944907 2.841000 0.000000 0.000000 0.000000 1.000000
0.933762 -0.149780 0.325047 0.000000 0.161083 0.986909 -0.007981 9.341900 -0.319596 0.059812 0.945664 2.841000 0.000000 0.000000 0.000000 1.000000
0.931329 -0.167072 0.323593 0.000000 0.179555 0.983708 -0.008883 9.341900 -0.316837 0.066375 0.946155 2.841000 0.000000 0.000000 0.000000 1.000000
0.929512 -0.178933 0.322477 0.000000 0.190772 0.981621 -0.005210 9.341900 -0.315617 0.066362 0.946563 2.841000 0.000000 0.000000 0.000000 1.000000
0.929395 -0.178283 0.323173 0.000000 0.185762 0.982564 0.007824 9.341900 -0.318933 0.052762 0.946307 2.841000 0.000000 0.000000 0.000000 1.000000</float_array>
        <technique_common>
          <accessor source="#mixamorig_Head-Matrix-animation-output-transform-array" count="24" stride="16">
            <param type="float4x4"/>
          </accessor>
        </technique_common>
      </source>
      <source id="mixamorig_Head-Interpolations">
        <Name_array id="mixamorig_Head-Interpolations-array" count="24">
 LINEAR LINEAR LINEAR LINEAR LINEAR LINEAR LINEAR LINEAR LINEAR LINEAR LINEAR
LINEAR LINEAR LINEAR LINEAR LINEAR LINEAR LINEAR LINEAR LINEAR LINEAR LINEAR LINEAR
LINEAR</Name_array>
        <technique_common>
          <accessor source="#mixamorig_Head-Interpolations-array" count="24">
            <param type="name"/>
          </accessor>
        </technique_common>
      </source>
      <sampler id="mixamorig_Head-Matrix-animation-transform">
        <input semantic="INPUT" source="#mixamorig_Head-Matrix-animation-input"/>
        <input semantic="OUTPUT" source="#mixamorig_Head-Matrix-animation-output-transform"/>
        <input semantic="INTERPOLATION" source="#mixamorig_Head-Interpolations"/>
      </sampler>
      <channel source="#mixamorig_Head-Matrix-animation-transform" target="mixamorig_Head/matrix"/>
    </animation>
    <animation id="mixamorig_RightShoulder-anim" name="mixamorig_RightShoulder">
      <source id="mixamorig_RightShoulder-Matrix-animation-input">
        <float_array id="mixamorig_RightShoulder-Matrix-animation-input-array" count="24">

0.000000 0.033333 0.066667 0.100000 0.133333 0.166667 0.200000 0.233333 0.266667 0.300000 0.333333 0.366667 0.400000 0.433333 0.466667 0.500000
0.533333 0.566667 0.600000 0.633333 0.666667 0.700000 0.733333 0.766667</float_array>
        <technique_common>
          <accessor source="#mixamorig_RightShoulder-Matrix-animation-input-array" count="24">
            <param name="TIME" type="float"/>
          </accessor>
        </technique_common>
      </source>
      <source id="mixamorig_RightShoulder-Matrix-animation-output-transform">
        <float_array id="mixamorig_RightShoulder-Matrix-animation-output-transform-array" count="384">

-0.169594 -0.985106 -0.028370 -4.570000 0.138780 0.004628 -0.990312 11.195800 0.975694 -0.171888 0.135928 -0.806600 0.000000 0.000000 0.000000 1.000000
-0.168082 -0.985192 -0.033831 -4.570000 0.140606 0.010008 -0.990015 11.195800 0.975694 -0.171160 0.136841 -0.806600 0.000000 0.000000 0.000000 1.000000
-0.161091 -0.986126 -0.040073 -4.570000 0.141758 0.017063 -0.989754 11.195800 0.976706 -0.165122 0.137043 -0.806600 0.000000 0.000000 0.000000 1.000000
-0.149196 -0.987993 -0.040120 -4.570000 0.139736 0.019100 -0.990005 11.195800 0.978884 -0.153311 0.135209 -0.806600 0.000000 0.000000 0.000000 1.000000
-0.137884 -0.989846 -0.034533 -4.570000 0.135788 0.015645 -0.990614 11.195800 0.981096 -0.141279 0.132253 -0.806600 0.000000 0.000000 0.000000 1.000000
-0.131773 -0.990777 -0.031588 -4.570000 0.133712 0.013809 -0.990924 11.195800 0.982220 -0.134800 0.130659 -0.806600 0.000000 0.000000 0.000000 1.000000
-0.130715 -0.990766 -0.036014 -4.570000 0.135088 0.018188 -0.990667 11.195800 0.982174 -0.134360 0.131463 -0.806600 0.000000 0.000000 0.000000 1.000000
-0.132055 -0.990360 -0.041819 -4.570000 0.137346 0.023501 -0.990244 11.195800 0.981681 -0.136510 0.132919 -0.806600 0.000000 0.000000 0.000000 1.000000
-0.135278 -0.990003 -0.039934 -4.570000 0.137260 0.021191 -0.990308 11.195800 0.981254 -0.139448 0.133021 -0.806600 0.000000 0.000000 0.000000 1.000000
-0.141235 -0.989463 -0.031861 -4.570000 0.135494 0.012561 -0.990699 11.195800 0.980660 -0.144238 0.132292 -0.806600 0.000000 0.000000 0.000000 1.000000
-0.145869 -0.988883 -0.028845 -4.570000 0.135241 0.008951 -0.990772 11.195800 0.980016 -0.148425 0.132431 -0.806600 0.000000 0.000000 0.000000 1.000000
-0.147597 -0.988356 -0.036990 -4.570000 0.138365 0.016398 -0.990246 11.195800 0.979321 -0.151275 0.134334 -0.806600 0.000000 0.000000 0.000000 1.000000
-0.152150 -0.987031 -0.051184 -4.570000 0.144079 0.029084 -0.989139 11.195800 0.977799 -0.157872 0.137786 -0.806600 0.000000 0.000000 0.000000 1.000000
-0.162903 -0.984562 -0.064030 -4.570000 0.150468 0.039346 -0.987832 11.195800 0.975101 -0.170556 0.141735 -0.806600 0.000000 0.000000 0.000000 1.000000
-0.176813 -0.981631 -0.071678 -4.570000 0.155644 0.044023 -0.986832 11.195800 0.971860 -0.185641 0.145001 -0.806600 0.000000 0.000000 0.000000 1.000000
-0.189668 -0.979016 -0.074519 -4.570000 0.158914 0.044287 -0.986299 11.195800 0.968903 -0.198911 0.147179 -0.806600 0.000000 0.000000 0.000000 1.000000
-0.199781 -0.976948 -0.075236 -4.570000 0.160900 0.043032 -0.986032 11.195800 0.966540 -0.209096 0.148594 -0.806600 0.000000 0.000000 0.000000 1.000000
-0.204268 -0.976039 -0.074989 -4.570000 0.161515 0.041951 -0.985978 11.195800 0.965499 -0.213516 0.149076 -0.806600 0.000000 0.000000 0.000000 1.000000
-0.198658 -0.977355 -0.072890 -4.570000 0.159659 0.041106 -0.986316 11.195800 0.966977 -0.207577 0.147878 -0.806600 0.000000 0.000000 0.000000 1.000000
-0.185239 -0.980306 -0.068460 -4.570000 0.155591 0.039529 -0.987030 11.195800 0.970298 -0.193489 0.145205 -0.806600 0.000000 0.000000 0.000000 1.000000
-0.172920 -0.983121 -0.059757 -4.570000 0.150271 0.033627 -0.988073 11.195800 0.973405 -0.179838 0.141919 -0.806600 0.000000 0.000000 0.000000 1.000000
-0.167678 -0.984827 -0.044722 -4.570000 0.144126 0.020388 -0.989349 11.195800 0.975250 -0.172338 0.138520 -0.806600 0.000000 0.000000 0.000000 1.000000
-0.168343 -0.985260 -0.030400 -4.570000 0.139322 0.006749 -0.990224 11.195800 0.975833 -0.170933 0.136132 -0.806600 0.000000 0.000000 0.000000 1.000000
-0.169948 -0.985101 -0.026326 -4.570000 0.138168 0.002631 -0.990405 11.195800 0.975719 -0.171955 0.135662 -0.806600 0.000000 0.000000 0.000000 1.000000</float_array>
        <technique_common>
          <accessor source="#mixamorig_RightShoulder-Matrix-animation-output-transform-array" count="24" stride="16">
            <param type="float4x4"/>
          </accessor>
        </technique_common>
      </source>
      <source id="mixamorig_RightShoulder-Interpolations">
        <Name_array id="mixamorig_RightShoulder-Interpolations-array" count="24">
 LINEAR LINEAR LINEAR LINEAR LINEAR LINEAR LINEAR LINEAR LINEAR LINEAR LINEAR
LINEAR LINEAR LINEAR LINEAR LINEAR LINEAR LINEAR LINEAR LINEAR LINEAR LINEAR LINEAR
LINEAR</Name_array>
        <technique_common>
          <accessor source="#mixamorig_RightShoulder-Interpolations-array" count="24">
            <param type="name"/>
          </accessor>
        </technique_common>
      </source>
      <sampler id="mixamorig_RightShoulder-Matrix-animation-transform">
        <input semantic="INPUT" source="#mixamorig_RightShoulder-Matrix-animation-input"/>
        <input semantic="OUTPUT" source="#mixamorig_RightShoulder-Matrix-animation-output-transform"/>
        <input semantic="INTERPOLATION" source="#mixamorig_RightShoulder-Interpolations"/>
      </sampler>
      <channel source="#mixamorig_RightShoulder-Matrix-animation-transform" target="mixamorig_RightShoulder/matrix"/>
    </animation>
