<?xml version="1.0" encoding="utf-8"?>
<COLLADA xmlns="http://www.collada.org/2005/11/COLLADASchema" version="1.4.1">
  <asset>
    <contributor>
      <author>Mixamo</author>
      <authoring_tool>COLLADA Mixamo exporter</authoring_tool>
      <comments/>
    </contributor>
    <created>2024-04-19T16:01:56Z</created>
    <modified>2024-04-19T16:01:56Z</modified>
    <revision/>
    <title/>
    <unit meter="0.010000"/>
    <up_axis>Y_UP</up_axis>
  </asset>
  <library_animations>
    <animation id="mixamorig_Hips-anim" name="mixamorig_Hips">
      <source id="mixamorig_Hips-Matrix-animation-input">
        <float_array id="mixamorig_Hips-Matrix-animation-input-array" count="36">

0.000000 0.033333 0.066667 0.100000 0.133333 0.166667 0.200000 0.233333 0.266667 0.300000 0.333333 0.366667 0.400000 0.433333 0.466667 0.500000
0.533333 0.566667 0.600000 0.633333 0.666667 0.700000 0.733333 0.766667 0.800000 0.833333 0.866667 0.900000 0.933333 0.966667 1.000000 1.033333
1.066667 1.100000 1.133333 1.166667</float_array>
        <technique_common>
          <accessor source="#mixamorig_Hips-Matrix-animation-input-array" count="36">
            <param name="TIME" type="float"/>
          </accessor>
        </technique_common>
      </source>
      <source id="mixamorig_Hips-Matrix-animation-output-transform">
        <float_array id="mixamorig_Hips-Matrix-animation-output-transform-array" count="576">

0.886870 0.045508 -0.459772 0.015596 0.055000 0.977662 0.202860 86.108124 0.458734 -0.205198 0.864556 -0.127787 0.000000 0.000000 0.000000 1.000000
0.887041 0.045672 -0.459426 0.009135 0.054727 0.977678 0.202855 86.110085 0.458436 -0.205084 0.864741 -0.122395 0.000000 0.000000 0.000000 1.000000
0.887274 0.045702 -0.458972 0.003257 0.054604 0.977674 0.202909 86.110756 0.457999 -0.205098 0.864969 -0.120896 0.000000 0.000000 0.000000 1.000000
0.887466 0.045648 -0.458607 0.000456 0.054557 0.977680 0.202890 86.111183 0.457632 -0.205078 0.865168 -0.126197 0.000000 0.000000 0.000000 1.000000
0.887527 0.045473 -0.458506 0.001873 0.054533 0.977756 0.202531 86.115234 0.457517 -0.204756 0.865305 -0.140353 0.000000 0.000000 0.000000 1.000000
0.887431 0.044874 -0.458750 0.005588 0.054895 0.977878 0.201846 86.128593 0.457659 -0.204308 0.865336 -0.157194 0.000000 0.000000 0.000000 1.000000
0.887149 0.043519 -0.459426 0.009460 0.056506 0.977809 0.201735 86.153236 0.458010 -0.204929 0.865003 -0.156079 0.000000 0.000000 0.000000 1.000000
0.886335 0.041789 -0.461155 0.014062 0.059966 0.977173 0.203804 86.177948 0.459145 -0.208293 0.863597 -0.102392 0.000000 0.000000 0.000000 1.000000
0.884240 0.041127 -0.465218 0.017577 0.064509 0.975812 0.208878 86.179260 0.462556 -0.214709 0.860199 0.041549 0.000000 0.000000 0.000000 1.000000
0.880688 0.042467 -0.471789 0.010073 0.068569 0.974055 0.215675 86.141243 0.468708 -0.222293 0.854926 0.295724 0.000000 0.000000 0.000000 1.000000
0.877188 0.044239 -0.478104 -0.018251 0.072031 0.972353 0.222129 86.067101 0.474713 -0.229287 0.849750 0.630892 0.000000 0.000000 0.000000 1.000000
0.875777 0.044202 -0.480687 -0.066776 0.076269 0.970620 0.228211 85.960754 0.476652 -0.236523 0.846676 0.949848 0.000000 0.000000 0.000000 1.000000
0.876625 0.042848 -0.479262 -0.119464 0.081492 0.968418 0.235639 85.810806 0.474222 -0.245623 0.845448 1.127913 0.000000 0.000000 0.000000 1.000000
0.878420 0.042096 -0.476031 -0.149752 0.086280 0.965774 0.244616 85.611794 0.470036 -0.255947 0.844723 1.096467 0.000000 0.000000 0.000000 1.000000
0.880356 0.041945 -0.472455 -0.143359 0.089715 0.963376 0.252701 85.399536 0.465751 -0.264853 0.844351 0.886949 0.000000 0.000000 0.000000 1.000000
0.881997 0.041452 -0.469429 -0.111853 0.091528 0.962088 0.256923 85.234802 0.462282 -0.269571 0.844764 0.590771 0.000000 0.000000 0.000000 1.000000
0.882802 0.041266 -0.467929 -0.070604 0.091149 0.962153 0.256813 85.155159 0.460817 -0.269367 0.845630 0.291191 0.000000 0.000000 0.000000 1.000000
0.882862 0.042370 -0.467717 -0.017771 0.088679 0.962965 0.254625 85.154633 0.461184 -0.266276 0.846408 0.028050 0.000000 0.000000 0.000000 1.000000
0.882761 0.044410 -0.467719 0.057685 0.085095 0.963944 0.252133 85.209389 0.462053 -0.262374 0.847153 -0.191176 0.000000 0.000000 0.000000 1.000000
0.882506 0.046551 -0.467992 0.157182 0.080952 0.965202 0.248660 85.299110 0.463282 -0.257329 0.848028 -0.363406 0.000000 0.000000 0.000000 1.000000
0.881595 0.048394 -0.469520 0.270619 0.076396 0.966984 0.243115 85.402908 0.465783 -0.250199 0.848791 -0.482470 0.000000 0.000000 0.000000 1.000000
0.880072 0.049852 -0.472215 0.388597 0.071854 0.969040 0.236216 85.500763 0.469371 -0.241818 0.849244 -0.547513 0.000000 0.000000 0.000000 1.000000
0.878729 0.050839 -0.474607 0.505370 0.067990 0.970842 0.229878 85.580139 0.472455 -0.234269 0.849650 -0.565791 0.000000 0.000000 0.000000 1.000000
0.878241 0.051156 -0.475473 0.613060 0.065357 0.972093 0.225307 85.637955 0.473730 -0.228950 0.850389 -0.551811 0.000000 0.000000 0.000000 1.000000
0.878624 0.050763 -0.474808 0.698321 0.063830 0.972924 0.222134 85.680168 0.473229 -0.225480 0.851595 -0.522784 0.000000 0.000000 0.000000 1.000000
0.879515 0.049888 -0.473248 0.747476 0.062767 0.973639 0.219289 85.718712 0.471713 -0.222572 0.853199 -0.487810 0.000000 0.000000 0.000000 1.000000
0.880629 0.048855 -0.471280 0.756155 0.061720 0.974366 0.216338 85.762909 0.469768 -0.219601 0.855040 -0.446759 0.000000 0.000000 0.000000 1.000000
0.881858 0.048011 -0.469064 0.731390 0.060525 0.975047 0.213590 85.813988 0.467614 -0.216746 0.856947 -0.400888 0.000000 0.000000 0.000000 1.000000
0.883029 0.047588 -0.466899 0.681668 0.059110 0.975647 0.211233 85.869232 0.465581 -0.214123 0.858712 -0.356655 0.000000 0.000000 0.000000 1.000000
0.883860 0.047473 -0.465336 0.610819 0.057623 0.976208 0.209041 85.925125 0.464189 -0.211577 0.860095 -0.318221 0.000000 0.000000 0.000000 1.000000
0.884322 0.047249 -0.464481 0.524156 0.056508 0.976720 0.206942 85.977631 0.463446 -0.209250 0.861065 -0.282601 0.000000 0.000000 0.000000 1.000000
0.884690 0.046751 -0.463829 0.428774 0.055970 0.977110 0.205241 86.023178 0.462807 -0.207536 0.861823 -0.247063 0.000000 0.000000 0.000000 1.000000
0.885208 0.046246 -0.462892 0.327131 0.055697 0.977353 0.204155 86.058540 0.461850 -0.206501 0.862584 -0.215880 0.000000 0.000000 0.000000 1.000000
0.885868 0.045905 -0.461661 0.220342 0.055432 0.977491 0.203563 86.082352 0.460614 -0.205920 0.863384 -0.190900 0.000000 0.000000 0.000000 1.000000
0.886473 0.045688 -0.460519 0.113988 0.055164 0.977587 0.203174 86.097618 0.459480 -0.205513 0.864085 -0.164466 0.000000 0.000000 0.000000 1.000000
0.886870 0.045508 -0.459772 0.015596 0.055000 0.977662 0.202860 86.108124 0.458734 -0.205198 0.864556 -0.127787 0.000000 0.000000 0.000000 1.000000</float_array>
        <technique_common>
          <accessor source="#mixamorig_Hips-Matrix-animation-output-transform-array" count="36" stride="16">
            <param type="float4x4"/>
          </accessor>
        </technique_common>
      </source>
      <source id="mixamorig_Hips-Interpolations">
        <Name_array id="mixamorig_Hips-Interpolations-array" count="36">
 LINEAR LINEAR LINEAR LINEAR LINEAR LINEAR LINEAR LINEAR LINEAR LINEAR LINEAR
LINEAR LINEAR LINEAR LINEAR LINEAR LINEAR LINEAR LINEAR LINEAR LINEAR LINEAR LINEAR
LINEAR LINEAR LINEAR LINEAR LINEAR LINEAR LINEAR LINEAR LINEAR LINEAR LINEAR LINEAR
LINEAR</Name_array>
        <technique_common>
          <accessor source="#mixamorig_Hips-Interpolations-array" count="36">
            <param type="name"/>
          </accessor>
        </technique_common>
      </source>
      <sampler id="mixamorig_Hips-Matrix-animation-transform">
        <input semantic="INPUT" source="#mixamorig_Hips-Matrix-animation-input"/>
        <input semantic="OUTPUT" source="#mixamorig_Hips-Matrix-animation-output-transform"/>
        <input semantic="INTERPOLATION" source="#mixamorig_Hips-Interpolations"/>
      </sampler>
      <channel source="#mixamorig_Hips-Matrix-animation-transform" target="mixamorig_Hips/matrix"/>
    </animation>
    <animation id="mixamorig_Spine-anim" name="mixamorig_Spine">
      <source id="mixamorig_Spine-Matrix-animation-input">
        <float_array id="mixamorig_Spine-Matrix-animation-input-array" count="36">

0.000000 0.033333 0.066667 0.100000 0.133333 0.166667 0.200000 0.233333 0.266667 0.300000 0.333333 0.366667 0.400000 0.433333 0.466667 0.500000
0.533333 0.566667 0.600000 0.633333 0.666667 0.700000 0.733333 0.766667 0.800000 0.833333 0.866667 0.900000 0.933333 0.966667 1.000000 1.033333
1.066667 1.100000 1.133333 1.166667</float_array>
        <technique_common>
          <accessor source="#mixamorig_Spine-Matrix-animation-input-array" count="36">
            <param name="TIME" type="float"/>
          </accessor>
        </technique_common>
      </source>
      <source id="mixamorig_Spine-Matrix-animation-output-transform">
        <float_array id="mixamorig_Spine-Matrix-animation-output-transform-array" count="576">

0.999229 0.021615 0.032768 0.000800 -0.016208 0.987448 -0.157109 9.226300 -0.035752 0.156457 0.987038 1.577100 0.000000 0.000000 0.000000 1.000000
0.999229 0.021628 0.032782 0.000800 -0.016220 0.987456 -0.157060 9.226300 -0.035767 0.156407 0.987045 1.577100 0.000000 0.000000 0.000000 1.000000
0.999230 0.021628 0.032749 0.000800 -0.016226 0.987458 -0.157044 9.226300 -0.035735 0.156392 0.987048 1.577100 0.000000 0.000000 0.000000 1.000000
0.999232 0.021638 0.032668 0.000800 -0.016249 0.987457 -0.157047 9.226300 -0.035657 0.156396 0.987051 1.577100 0.000000 0.000000 0.000000 1.000000
0.999233 0.021654 0.032641 0.000800 -0.016270 0.987462 -0.157017 9.226300 -0.035632 0.156365 0.987056 1.577100 0.000000 0.000000 0.000000 1.000000
0.999226 0.021663 0.032835 0.000800 -0.016252 0.987480 -0.156908 9.226300 -0.035823 0.156253 0.987067 1.577100 0.000000 0.000000 0.000000 1.000000
0.999214 0.021693 0.033192 0.000800 -0.016232 0.987504 -0.156753 9.226300 -0.036178 0.156091 0.987080 1.577100 0.000000 0.000000 0.000000 1.000000
0.999210 0.021814 0.033213 0.000800 -0.016354 0.987532 -0.156569 9.226300 -0.036214 0.155902 0.987108 1.577100 0.000000 0.000000 0.000000 1.000000
0.999232 0.021937 0.032474 0.000800 -0.016611 0.987615 -0.156014 9.226300 -0.035494 0.155354 0.987221 1.577100 0.000000 0.000000 0.000000 1.000000
0.999278 0.021531 0.031289 0.000800 -0.016453 0.987883 -0.154327 9.226300 -0.034233 0.153701 0.987524 1.577100 0.000000 0.000000 0.000000 1.000000
0.999349 0.019913 0.030090 0.000800 -0.015142 0.988385 -0.151211 9.226300 -0.032751 0.150657 0.988043 1.577100 0.000000 0.000000 0.000000 1.000000
0.999442 0.017226 0.028632 0.000800 -0.012811 0.988939 -0.147767 9.226300 -0.030861 0.147317 0.988608 1.577100 0.000000 0.000000 0.000000 1.000000
0.999533 0.014693 0.026801 0.000800 -0.010635 0.989266 -0.145735 9.226300 -0.028655 0.145382 0.988961 1.577100 0.000000 0.000000 0.000000 1.000000
0.999589 0.013480 0.025286 0.000800 -0.009652 0.989262 -0.145831 9.226300 -0.026980 0.145527 0.988986 1.577100 0.000000 0.000000 0.000000 1.000000
0.999602 0.013674 0.024690 0.000800 -0.009889 0.989029 -0.147390 9.226300 -0.026434 0.147088 0.988770 1.577100 0.000000 0.000000 0.000000 1.000000
0.999584 0.014688 0.024804 0.000800 -0.010825 0.988741 -0.149242 9.226300 -0.026717 0.148911 0.988490 1.577100 0.000000 0.000000 0.000000 1.000000
0.999556 0.015982 0.025139 0.000800 -0.012016 0.988512 -0.150666 9.226300 -0.027259 0.150297 0.988265 1.577100 0.000000 0.000000 0.000000 1.000000
0.999524 0.017369 0.025491 0.000800 -0.013304 0.988328 -0.151758 9.226300 -0.027829 0.151346 0.988089 1.577100 0.000000 0.000000 0.000000 1.000000
0.999490 0.018780 0.025831 0.000800 -0.014616 0.988139 -0.152868 9.226300 -0.028395 0.152412 0.987909 1.577100 0.000000 0.000000 0.000000 1.000000
0.999458 0.019984 0.026170 0.000800 -0.015724 0.987957 -0.153929 9.226300 -0.028931 0.153434 0.987735 1.577100 0.000000 0.000000 0.000000 1.000000
0.999430 0.020757 0.026617 0.000800 -0.016398 0.987834 -0.154644 9.226300 -0.029503 0.154119 0.987612 1.577100 0.000000 0.000000 0.000000 1.000000
0.999405 0.021081 0.027301 0.000800 -0.016602 0.987776 -0.154992 9.226300 -0.030235 0.154447 0.987538 1.577100 0.000000 0.000000 0.000000 1.000000
0.999379 0.021103 0.028214 0.000800 -0.016475 0.987739 -0.155240 9.226300 -0.031144 0.154678 0.987474 1.577100 0.000000 0.000000 0.000000 1.000000
0.999352 0.021011 0.029211 0.000800 -0.016218 0.987689 -0.155586 9.226300 -0.032121 0.155011 0.987390 1.577100 0.000000 0.000000 0.000000 1.000000
0.999328 0.020900 0.030121 0.000800 -0.015953 0.987630 -0.155986 9.226300 -0.033008 0.155401 0.987300 1.577100 0.000000 0.000000 0.000000 1.000000
0.999309 0.020791 0.030822 0.000800 -0.015726 0.987585 -0.156299 9.226300 -0.033689 0.155706 0.987229 1.577100 0.000000 0.000000 0.000000 1.000000
0.999296 0.020745 0.031270 0.000800 -0.015605 0.987555 -0.156497 9.226300 -0.034128 0.155899 0.987183 1.577100 0.000000 0.000000 0.000000 1.000000
0.999287 0.020810 0.031496 0.000800 -0.015628 0.987528 -0.156663 9.226300 -0.034363 0.156059 0.987150 1.577100 0.000000 0.000000 0.000000 1.000000
0.999281 0.020926 0.031632 0.000800 -0.015715 0.987502 -0.156823 9.226300 -0.034518 0.156213 0.987120 1.577100 0.000000 0.000000 0.000000 1.000000
0.999272 0.021015 0.031852 0.000800 -0.015766 0.987488 -0.156901 9.226300 -0.034751 0.156285 0.987100 1.577100 0.000000 0.000000 0.000000 1.000000
0.999259 0.021097 0.032185 0.000800 -0.015797 0.987493 -0.156870 9.226300 -0.035092 0.156245 0.987095 1.577100 0.000000 0.000000 0.000000 1.000000
0.999247 0.021211 0.032501 0.000800 -0.015861 0.987499 -0.156825 9.226300 -0.035421 0.156192 0.987091 1.577100 0.000000 0.000000 0.000000 1.000000
0.999238 0.021339 0.032680 0.000800 -0.015958 0.987490 -0.156869 9.226300 -0.035619 0.156228 0.987079 1.577100 0.000000 0.000000 0.000000 1.000000
0.999234 0.021465 0.032718 0.000800 -0.016072 0.987469 -0.156994 9.226300 -0.035678 0.156348 0.987057 1.577100 0.000000 0.000000 0.000000 1.000000
0.999232 0.021565 0.032715 0.000800 -0.016167 0.987451 -0.157097 9.226300 -0.035693 0.156447 0.987041 1.577100 0.000000 0.000000 0.000000 1.000000
0.999229 0.021615 0.032768 0.000800 -0.016208 0.987448 -0.157109 9.226300 -0.035752 0.156457 0.987038 1.577100 0.000000 0.000000 0.000000 1.000000</float_array>
        <technique_common>
          <accessor source="#mixamorig_Spine-Matrix-animation-output-transform-array" count="36" stride="16">
            <param type="float4x4"/>
          </accessor>
        </technique_common>
      </source>
      <source id="mixamorig_Spine-Interpolations">
        <Name_array id="mixamorig_Spine-Interpolations-array" count="36">
 LINEAR LINEAR LINEAR LINEAR LINEAR LINEAR LINEAR LINEAR LINEAR LINEAR LINEAR
LINEAR LINEAR LINEAR LINEAR LINEAR LINEAR LINEAR LINEAR LINEAR LINEAR LINEAR LINEAR
LINEAR LINEAR LINEAR LINEAR LINEAR LINEAR LINEAR LINEAR LINEAR LINEAR LINEAR LINEAR
LINEAR</Name_array>
        <technique_common>
          <accessor source="#mixamorig_Spine-Interpolations-array" count="36">
            <param type="name"/>
          </accessor>
        </technique_common>
      </source>
      <sampler id="mixamorig_Spine-Matrix-animation-transform">
        <input semantic="INPUT" source="#mixamorig_Spine-Matrix-animation-input"/>
        <input semantic="OUTPUT" source="#mixamorig_Spine-Matrix-animation-output-transform"/>
        <input semantic="INTERPOLATION" source="#mixamorig_Spine-Interpolations"/>
      </sampler>
      <channel source="#mixamorig_Spine-Matrix-animation-transform" target="mixamorig_Spine/matrix"/>
    </animation>
    <animation id="mixamorig_Spine1-anim" name="mixamorig_Spine1">
      <source id="mixamorig_Spine1-Matrix-animation-input">
        <float_array id="mixamorig_Spine1-Matrix-animation-input-array" count="36">

0.000000 0.033333 0.066667 0.100000 0.133333 0.166667 0.200000 0.233333 0.266667 0.300000 0.333333 0.366667 0.400000 0.433333 0.466667 0.500000
0.533333 0.566667 0.600000 0.633333 0.666667 0.700000 0.733333 0.766667 0.800000 0.833333 0.866667 0.900000 0.933333 0.966667 1.000000 1.033333
1.066667 1.100000 1.133333 1.166667</float_array>
        <technique_common>
          <accessor source="#mixamorig_Spine1-Matrix-animation-input-array" count="36">
            <param name="TIME" type="float"/>
          </accessor>
        </technique_common>
      </source>
      <source id="mixamorig_Spine1-Matrix-animation-output-transform">
        <float_array id="mixamorig_Spine1-Matrix-animation-output-transform-array" count="576">

0.996838 0.045684 0.065017 -0.000000 -0.028084 0.967956 -0.249544 16.254801 -0.074334 0.246929 0.966178 0.000000 0.000000 0.000000 0.000000 1.000000
0.996834 0.045727 0.065045 0.000000 -0.028126 0.967979 -0.249450 16.254801 -0.074369 0.246831 0.966201 -0.000000 0.000000 0.000000 0.000000 1.000000
0.996838 0.045736 0.064982 -0.000000 -0.028153 0.967986 -0.249418 16.254801 -0.074309 0.246800 0.966213 0.000000 0.000000 0.000000 0.000000 1.000000
0.996847 0.045762 0.064820 0.000000 -0.028218 0.967983 -0.249424 16.254801 -0.074159 0.246809 0.966222 0.000000 0.000000 0.000000 0.000000 1.000000
0.996849 0.045800 0.064763 0.000000 -0.028273 0.967997 -0.249365 16.254801 -0.074112 0.246749 0.966241 0.000000 0.000000 0.000000 0.000000 1.000000
0.996824 0.045791 0.065151 0.000000 -0.028186 0.968054 -0.249153 16.254801 -0.074478 0.246525 0.966270 -0.000000 0.000000 0.000000 0.000000 1.000000
0.996779 0.045732 0.065873 0.000000 -0.027973 0.968138 -0.248849 16.254801 -0.075154 0.246204 0.966300 -0.000000 0.000000 0.000000 0.000000 1.000000
0.996775 0.045724 0.065942 -0.000000 -0.027976 0.968233 -0.248480 16.254801 -0.075208 0.245834 0.966390 0.000000 0.000000 0.000000 0.000000 1.000000
0.996873 0.045635 0.064516 0.000000 -0.028327 0.968506 -0.247374 16.254801 -0.073773 0.244773 0.966770 0.000000 0.000000 0.000000 0.000000 1.000000
0.997070 0.044482 0.062230 0.000000 -0.028015 0.969363 -0.244031 16.254801 -0.071178 0.241572 0.967769 0.000000 0.000000 0.000000 0.000000 1.000000
0.997364 0.040894 0.059938 -0.000000 -0.025518 0.970969 -0.237841 16.254801 -0.067924 0.235685 0.969453 0.000000 0.000000 0.000000 0.000000 1.000000
0.997750 0.035113 0.057114 -0.000000 -0.021011 0.972735 -0.230966 16.254801 -0.063667 0.229246 0.971284 0.000000 0.000000 0.000000 0.000000 1.000000
0.998129 0.029640 0.053487 0.000000 -0.016759 0.973780 -0.226873 16.254801 -0.058809 0.225552 0.972455 -0.000000 0.000000 0.000000 0.000000 1.000000
0.998366 0.026866 0.050426 -0.000000 -0.014739 0.973780 -0.227012 16.254801 -0.055202 0.225898 0.972586 0.000000 0.000000 0.000000 0.000000 1.000000
0.998424 0.027041 0.049174 0.000000 -0.015022 0.973057 -0.230075 16.254801 -0.054071 0.228973 0.971930 -0.000000 0.000000 0.000000 0.000000 1.000000
0.998361 0.028981 0.049345 0.000000 -0.016667 0.972157 -0.233737 16.254801 -0.054744 0.232531 0.971047 -0.000000 0.000000 0.000000 0.000000 1.000000
0.998249 0.031645 0.049976 0.000000 -0.018951 0.971429 -0.236572 16.254801 -0.056035 0.235211 0.970328 0.000000 0.000000 0.000000 0.000000 1.000000
0.998114 0.034667 0.050664 -0.000000 -0.021600 0.970837 -0.238764 16.254801 -0.057464 0.237220 0.969755 0.000000 0.000000 0.000000 0.000000 1.000000
0.997964 0.037845 0.051335 0.000000 -0.024396 0.970219 -0.240998 16.254801 -0.058927 0.239255 0.969167 0.000000 0.000000 0.000000 0.000000 1.000000
0.997818 0.040666 0.052005 -0.000000 -0.026845 0.969622 -0.243132 16.254801 -0.060313 0.241206 0.968598 0.000000 0.000000 0.000000 0.000000 1.000000
0.997691 0.042614 0.052878 -0.000000 -0.028435 0.969213 -0.244575 16.254801 -0.061672 0.242507 0.968187 0.000000 0.000000 0.000000 0.000000 1.000000
0.997576 0.043615 0.054213 0.000000 -0.029036 0.969015 -0.245289 16.254801 -0.063231 0.243120 0.967933 0.000000 0.000000 0.000000 0.000000 1.000000
0.997463 0.043945 0.056003 0.000000 -0.028887 0.968892 -0.245794 16.254801 -0.065062 0.243553 0.967703 0.000000 0.000000 0.000000 0.000000 1.000000
0.997351 0.043958 0.057963 0.000000 -0.028371 0.968731 -0.246487 16.254801 -0.066985 0.244190 0.967411 0.000000 0.000000 0.000000 0.000000 1.000000
0.997250 0.043847 0.059755 -0.000000 -0.027768 0.968546 -0.247281 16.254801 -0.068718 0.244941 0.967100 0.000000 0.000000 0.000000 0.000000 1.000000
0.997172 0.043701 0.061138 0.000000 -0.027241 0.968403 -0.247898 16.254801 -0.070040 0.245531 0.966855 0.000000 0.000000 0.000000 0.000000 1.000000
0.997119 0.043674 0.062023 0.000000 -0.026968 0.968310 -0.248291 16.254801 -0.070902 0.245903 0.966698 -0.000000 0.000000 0.000000 0.000000 1.000000
0.997082 0.043869 0.062468 -0.000000 -0.027023 0.968223 -0.248624 16.254801 -0.071390 0.246210 0.966584 0.000000 0.000000 0.000000 0.000000 1.000000
0.997052 0.044172 0.062737 0.000000 -0.027226 0.968135 -0.248945 16.254801 -0.071734 0.246503 0.966484 0.000000 0.000000 0.000000 0.000000 1.000000
0.997013 0.044423 0.063175 0.000000 -0.027350 0.968090 -0.249106 16.254801 -0.072225 0.246635 0.966413 0.000000 0.000000 0.000000 0.000000 1.000000
0.996961 0.044637 0.063839 -0.000000 -0.027397 0.968102 -0.249053 16.254801 -0.072920 0.246547 0.966384 0.000000 0.000000 0.000000 0.000000 1.000000
0.996910 0.044876 0.064473 -0.000000 -0.027479 0.968121 -0.248972 16.254801 -0.073590 0.246431 0.966362 0.000000 0.000000 0.000000 0.000000 1.000000
0.996875 0.045132 0.064833 0.000000 -0.027631 0.968093 -0.249065 16.254801 -0.074006 0.246495 0.966314 0.000000 0.000000 0.000000 0.000000 1.000000
0.996858 0.045387 0.064910 -0.000000 -0.027840 0.968023 -0.249313 16.254801 -0.074150 0.246723 0.966245 0.000000 0.000000 0.000000 0.000000 1.000000
0.996849 0.045589 0.064908 0.000000 -0.028021 0.967965 -0.249518 16.254801 -0.074204 0.246913 0.966192 0.000000 0.000000 0.000000 0.000000 1.000000
0.996838 0.045684 0.065017 -0.000000 -0.028084 0.967956 -0.249544 16.254801 -0.074334 0.246929 0.966178 0.000000 0.000000 0.000000 0.000000 1.000000</float_array>
        <technique_common>
          <accessor source="#mixamorig_Spine1-Matrix-animation-output-transform-array" count="36" stride="16">
            <param type="float4x4"/>
          </accessor>
        </technique_common>
      </source>
      <source id="mixamorig_Spine1-Interpolations">
        <Name_array id="mixamorig_Spine1-Interpolations-array" count="36">
 LINEAR LINEAR LINEAR LINEAR LINEAR LINEAR LINEAR LINEAR LINEAR LINEAR LINEAR
LINEAR LINEAR LINEAR LINEAR LINEAR LINEAR LINEAR LINEAR LINEAR LINEAR LINEAR LINEAR
LINEAR LINEAR LINEAR LINEAR LINEAR LINEAR LINEAR LINEAR LINEAR LINEAR LINEAR LINEAR
LINEAR</Name_array>
        <technique_common>
          <accessor source="#mixamorig_Spine1-Interpolations-array" count="36">
            <param type="name"/>
          </accessor>
        </technique_common>
      </source>
      <sampler id="mixamorig_Spine1-Matrix-animation-transform">
        <input semantic="INPUT" source="#mixamorig_Spine1-Matrix-animation-input"/>
        <input semantic="OUTPUT" source="#mixamorig_Spine1-Matrix-animation-output-transform"/>
        <input semantic="INTERPOLATION" source="#mixamorig_Spine1-Interpolations"/>
      </sampler>
      <channel source="#mixamorig_Spine1-Matrix-animation-transform" target="mixamorig_Spine1/matrix"/>
    </animation>
    <animation id="mixamorig_Spine2-anim" name="mixamorig_Spine2">
      <source id="mixamorig_Spine2-Matrix-animation-input">
        <float_array id="mixamorig_Spine2-Matrix-animation-input-array" count="36">

0.000000 0.033333 0.066667 0.100000 0.133333 0.166667 0.200000 0.233333 0.266667 0.300000 0.333333 0.366667 0.400000 0.433333 0.466667 0.500000
0.533333 0.566667 0.600000 0.633333 0.666667 0.700000 0.733333 0.766667 0.800000 0.833333 0.866667 0.900000 0.933333 0.966667 1.000000 1.033333
1.066667 1.100000 1.133333 1.166667</float_array>
        <technique_common>
          <accessor source="#mixamorig_Spine2-Matrix-animation-input-array" count="36">
            <param name="TIME" type="float"/>
          </accessor>
        </technique_common>
      </source>
      <source id="mixamorig_Spine2-Matrix-animation-output-transform">
        <float_array id="mixamorig_Spine2-Matrix-animation-output-transform-array" count="576">

0.996838 0.031158 0.073099 -0.000000 -0.021728 0.991737 -0.126434 13.700700 -0.076434 0.124446 0.989278 0.000000 0.000000 0.000000 0.000000 1.000000
0.996834 0.031194 0.073135 -0.000000 -0.021766 0.991749 -0.126337 13.700700 -0.076472 0.124346 0.989288 -0.000000 0.000000 0.000000 0.000000 1.000000
0.996838 0.031216 0.073075 -0.000000 -0.021798 0.991752 -0.126306 13.700700 -0.076415 0.124314 0.989296 0.000000 0.000000 0.000000 0.000000 1.000000
0.996847 0.031276 0.072922 -0.000000 -0.021875 0.991749 -0.126313 13.700700 -0.076271 0.124320 0.989306 -0.000000 0.000000 0.000000 0.000000 1.000000
0.996849 0.031324 0.072875 0.000000 -0.021935 0.991755 -0.126254 13.700700 -0.076229 0.124257 0.989318 0.000000 0.000000 0.000000 0.000000 1.000000
0.996824 0.031236 0.073251 0.000000 -0.021816 0.991786 -0.126033 13.700700 -0.076586 0.124034 0.989318 0.000000 0.000000 0.000000 0.000000 1.000000
0.996780 0.031028 0.073945 -0.000000 -0.021548 0.991832 -0.125716 13.700700 -0.077242 0.123717 0.989307 0.000000 0.000000 0.000000 0.000000 1.000000
0.996775 0.031005 0.074011 0.000000 -0.021546 0.991880 -0.125337 13.700700 -0.077296 0.123339 0.989350 -0.000000 0.000000 0.000000 0.000000 1.000000
0.996873 0.031215 0.072598 -0.000000 -0.022016 0.992011 -0.124216 13.700700 -0.075896 0.122229 0.989596 0.000000 0.000000 0.000000 0.000000 1.000000
0.997070 0.030562 0.070122 0.000000 -0.021924 0.992434 -0.120806 13.700700 -0.073284 0.118915 0.990196 -0.000000 0.000000 0.000000 0.000000 1.000000
0.997364 0.027529 0.067134 0.000000 -0.019710 0.993230 -0.114476 13.700700 -0.069831 0.112851 0.991155 0.000000 0.000000 0.000000 0.000000 1.000000
0.997750 0.022463 0.063170 0.000000 -0.015577 0.994089 -0.107447 13.700700 -0.065210 0.106221 0.992202 0.000000 0.000000 0.000000 0.000000 1.000000
0.998129 0.017864 0.058483 -0.000000 -0.011749 0.994584 -0.103273 13.700700 -0.060011 0.102392 0.992932 0.000000 0.000000 0.000000 0.000000 1.000000
0.998366 0.015788 0.054912 0.000000 -0.010040 0.994587 -0.103425 13.700700 -0.056247 0.102705 0.993120 0.000000 0.000000 0.000000 0.000000 1.000000
0.998424 0.016219 0.053724 0.000000 -0.010418 0.994252 -0.106560 13.700700 -0.055144 0.105832 0.992854 -0.000000 0.000000 0.000000 0.000000 1.000000
0.998361 0.018081 0.054294 0.000000 -0.012000 0.993825 -0.110305 13.700700 -0.055953 0.109473 0.992414 0.000000 0.000000 0.000000 0.000000 1.000000
0.998249 0.020556 0.055466 0.000000 -0.014167 0.993470 -0.113208 13.700700 -0.057431 0.112224 0.992022 0.000000 0.000000 0.000000 0.000000 1.000000
0.998114 0.023368 0.056768 0.000000 -0.016686 0.993173 -0.115455 13.700700 -0.059078 0.114290 0.991689 0.000000 0.000000 0.000000 0.000000 1.000000
0.997964 0.026338 0.058085 0.000000 -0.019349 0.992855 -0.117747 13.700700 -0.060772 0.116383 0.991343 0.000000 0.000000 0.000000 0.000000 1.000000
0.997818 0.028957 0.059328 0.000000 -0.021673 0.992545 -0.119939 13.700700 -0.062358 0.118391 0.991007 -0.000000 0.000000 0.000000 0.000000 1.000000
0.997691 0.030681 0.060587 -0.000000 -0.023142 0.992332 -0.121419 13.700700 -0.063847 0.119736 0.990751 0.000000 0.000000 0.000000 0.000000 1.000000
0.997576 0.031382 0.062101 -0.000000 -0.023610 0.992231 -0.122144 13.700700 -0.065451 0.120382 0.990568 0.000000 0.000000 0.000000 0.000000 1.000000
0.997463 0.031333 0.063920 -0.000000 -0.023307 0.992176 -0.122652 13.700700 -0.067263 0.120851 0.990389 -0.000000 0.000000 0.000000 0.000000 1.000000
0.997350 0.030937 0.065840 -0.000000 -0.022632 0.992105 -0.123347 13.700700 -0.069136 0.121530 0.990177 0.000000 0.000000 0.000000 0.000000 1.000000
0.997250 0.030457 0.067570 -0.000000 -0.021885 0.992023 -0.124147 13.700700 -0.070812 0.122326 0.989961 -0.000000 0.000000 0.000000 0.000000 1.000000
0.997172 0.030026 0.068892 -0.000000 -0.021249 0.991958 -0.124768 13.700700 -0.072084 0.122951 0.989791 0.000000 0.000000 0.000000 0.000000 1.000000
0.997119 0.029816 0.069753 -0.000000 -0.020904 0.991916 -0.125164 13.700700 -0.072921 0.123345 0.989681 0.000000 0.000000 0.000000 0.000000 1.000000
0.997082 0.029913 0.070228 -0.000000 -0.020917 0.991873 -0.125502 13.700700 -0.073411 0.123667 0.989605 0.000000 0.000000 0.000000 0.000000 1.000000
0.997052 0.030153 0.070554 0.000000 -0.021091 0.991827 -0.125831 13.700700 -0.073771 0.123972 0.989540 0.000000 0.000000 0.000000 0.000000 1.000000
0.997013 0.030308 0.071035 0.000000 -0.021173 0.991805 -0.125994 13.700700 -0.074271 0.124114 0.989485 0.000000 0.000000 0.000000 0.000000 1.000000
0.996961 0.030379 0.071728 -0.000000 -0.021161 0.991813 -0.125935 13.700700 -0.074967 0.124034 0.989442 0.000000 0.000000 0.000000 0.000000 1.000000
0.996910 0.030481 0.072398 -0.000000 -0.021186 0.991823 -0.125849 13.700700 -0.075642 0.123926 0.989404 0.000000 0.000000 0.000000 0.000000 1.000000
0.996875 0.030657 0.072804 -0.000000 -0.021303 0.991809 -0.125942 13.700700 -0.076069 0.123997 0.989363 0.000000 0.000000 0.000000 0.000000 1.000000
0.996858 0.030890 0.072932 -0.000000 -0.021500 0.991772 -0.126197 13.700700 -0.076230 0.124233 0.989321 0.000000 0.000000 0.000000 0.000000 1.000000
0.996849 0.031088 0.072972 0.000000 -0.021675 0.991742 -0.126407 13.700700 -0.076299 0.124428 0.989291 -0.000000 0.000000 0.000000 0.000000 1.000000
0.996838 0.031158 0.073099 -0.000000 -0.021728 0.991737 -0.126434 13.700700 -0.076434 0.124446 0.989278 0.000000 0.000000 0.000000 0.000000 1.000000</float_array>
        <technique_common>
          <accessor source="#mixamorig_Spine2-Matrix-animation-output-transform-array" count="36" stride="16">
            <param type="float4x4"/>
          </accessor>
        </technique_common>
      </source>
      <source id="mixamorig_Spine2-Interpolations">
        <Name_array id="mixamorig_Spine2-Interpolations-array" count="36">
 LINEAR LINEAR LINEAR LINEAR LINEAR LINEAR LINEAR LINEAR LINEAR LINEAR LINEAR
LINEAR LINEAR LINEAR LINEAR LINEAR LINEAR LINEAR LINEAR LINEAR LINEAR LINEAR LINEAR
LINEAR LINEAR LINEAR LINEAR LINEAR LINEAR LINEAR LINEAR LINEAR LINEAR LINEAR LINEAR
LINEAR</Name_array>
        <technique_common>
          <accessor source="#mixamorig_Spine2-Interpolations-array" count="36">
            <param type="name"/>
          </accessor>
        </technique_common>
      </source>
      <sampler id="mixamorig_Spine2-Matrix-animation-transform">
        <input semantic="INPUT" source="#mixamorig_Spine2-Matrix-animation-input"/>
        <input semantic="OUTPUT" source="#mixamorig_Spine2-Matrix-animation-output-transform"/>
        <input semantic="INTERPOLATION" source="#mixamorig_Spine2-Interpolations"/>
      </sampler>
      <channel source="#mixamorig_Spine2-Matrix-animation-transform" target="mixamorig_Spine2/matrix"/>
    </animation>
    <animation id="mixamorig_Neck-anim" name="mixamorig_Neck">
      <source id="mixamorig_Neck-Matrix-animation-input">
        <float_array id="mixamorig_Neck-Matrix-animation-input-array" count="36">

0.000000 0.033333 0.066667 0.100000 0.133333 0.166667 0.200000 0.233333 0.266667 0.300000 0.333333 0.366667 0.400000 0.433333 0.466667 0.500000
0.533333 0.566667 0.600000 0.633333 0.666667 0.700000 0.733333 0.766667 0.800000 0.833333 0.866667 0.900000 0.933333 0.966667 1.000000 1.033333
1.066667 1.100000 1.133333 1.166667</float_array>
        <technique_common>
          <accessor source="#mixamorig_Neck-Matrix-animation-input-array" count="36">
            <param name="TIME" type="float"/>
          </accessor>
        </technique_common>
      </source>
      <source id="mixamorig_Neck-Matrix-animation-output-transform">
        <float_array id="mixamorig_Neck-Matrix-animation-output-transform-array" count="576">

0.995524 -0.000679 0.094505 0.000000 -0.004751 0.998350 0.057223 14.544500 -0.094388 -0.057415 0.993878 0.000000 0.000000 0.000000 0.000000 1.000000
0.995515 -0.000070 0.094602 -0.000000 -0.005342 0.998363 0.056954 14.544500 -0.094451 -0.057204 0.993885 -0.000000 0.000000 0.000000 0.000000 1.000000
0.995465 0.001148 0.095118 0.000000 -0.006551 0.998380 0.056517 14.544500 -0.094899 -0.056883 0.993860 0.000000 0.000000 0.000000 0.000000 1.000000
0.995397 0.002436 0.095805 0.000000 -0.007885 0.998369 0.056542 14.544500 -0.095511 -0.057037 0.993793 0.000000 0.000000 0.000000 0.000000 1.000000
0.995363 0.003162 0.096141 -0.000000 -0.008699 0.998323 0.057230 14.544500 -0.095799 -0.057801 0.993721 0.000000 0.000000 0.000000 0.000000 1.000000
0.995363 0.003442 0.096131 0.000000 -0.008985 0.998317 0.057290 14.544500 -0.095772 -0.057888 0.993719 0.000000 0.000000 0.000000 0.000000 1.000000
0.995314 0.004647 0.096586 0.000000 -0.009974 0.998450 0.054749 14.544500 -0.096182 -0.055456 0.993818 0.000000 0.000000 0.000000 0.000000 1.000000
0.995168 0.007239 0.097925 -0.000000 -0.012227 0.998653 0.050425 14.544500 -0.097428 -0.051378 0.993916 0.000000 0.000000 0.000000 0.000000 1.000000
0.995093 0.006111 0.098757 0.000000 -0.011023 0.998725 0.049270 14.544500 -0.098330 -0.050117 0.993891 0.000000 0.000000 0.000000 0.000000 1.000000
0.995267 -0.006935 0.096934 0.000000 0.001623 0.998498 0.054772 14.544500 -0.097168 -0.054356 0.993783 -0.000000 0.000000 0.000000 0.000000 1.000000
0.995128 -0.032310 0.093151 0.000000 0.026445 0.997630 0.063526 14.544500 -0.094983 -0.060753 0.993623 0.000000 0.000000 0.000000 0.000000 1.000000
0.993812 -0.062460 0.091850 0.000000 0.055974 0.995863 0.071574 14.544500 -0.095941 -0.065990 0.993197 -0.000000 0.000000 0.000000 0.000000 1.000000
0.991245 -0.091607 0.095091 0.000000 0.083972 0.993137 0.081411 14.544500 -0.101897 -0.072714 0.992134 0.000000 0.000000 0.000000 0.000000 1.000000
0.988337 -0.115940 0.098732 0.000000 0.106644 0.989773 0.094741 14.544500 -0.108706 -0.083107 0.990594 0.000000 0.000000 0.000000 0.000000 1.000000
0.986782 -0.128882 0.098240 0.000000 0.118398 0.987294 0.105980 14.544500 -0.110650 -0.092948 0.989504 0.000000 0.000000 0.000000 0.000000 1.000000
0.987568 -0.125256 0.094975 0.000000 0.114890 0.987519 0.107730 14.544500 -0.107283 -0.095479 0.989633 0.000000 0.000000 0.000000 0.000000 1.000000
0.989591 -0.109189 0.093744 0.000000 0.099941 0.990130 0.098254 14.544500 -0.103548 -0.087863 0.990736 0.000000 0.000000 0.000000 0.000000 1.000000
0.991143 -0.091405 0.096338 -0.000000 0.083574 0.993088 0.082411 14.544500 -0.103205 -0.073630 0.991931 -0.000000 0.000000 0.000000 0.000000 1.000000
0.991877 -0.078510 0.100082 0.000000 0.072005 0.995149 0.067035 14.544500 -0.104859 -0.059284 0.992718 -0.000000 0.000000 0.000000 0.000000 1.000000
0.992383 -0.069317 0.101835 0.000000 0.063840 0.996382 0.056099 14.544500 -0.105355 -0.049171 0.993218 0.000000 0.000000 0.000000 0.000000 1.000000
0.993025 -0.060693 0.101087 -0.000000 0.055874 0.997193 0.049846 14.544500 -0.103828 -0.043850 0.993628 0.000000 0.000000 0.000000 0.000000 1.000000
0.993677 -0.052471 0.099262 0.000000 0.048015 0.997751 0.046762 14.544500 -0.101492 -0.041700 0.993962 0.000000 0.000000 0.000000 0.000000 1.000000
0.994130 -0.046128 0.097866 -0.000000 0.041878 0.998107 0.045045 14.544500 -0.099758 -0.040682 0.994180 0.000000 0.000000 0.000000 0.000000 1.000000
0.994368 -0.041841 0.097371 -0.000000 0.037760 0.998344 0.043388 14.544500 -0.099026 -0.039467 0.994302 0.000000 0.000000 0.000000 0.000000 1.000000
0.994534 -0.038094 0.097215 0.000000 0.034202 0.998557 0.041390 14.544500 -0.098652 -0.037839 0.994402 0.000000 0.000000 0.000000 0.000000 1.000000
0.994746 -0.033374 0.096786 -0.000000 0.029674 0.998782 0.039417 14.544500 -0.097983 -0.036338 0.994524 0.000000 0.000000 0.000000 0.000000 1.000000
0.994960 -0.027785 0.096350 0.000000 0.024167 0.998966 0.038511 14.544500 -0.097320 -0.035988 0.994602 0.000000 0.000000 0.000000 0.000000 1.000000
0.995090 -0.022566 0.096372 -0.000000 0.018813 0.999035 0.039675 14.544500 -0.097174 -0.037668 0.994554 -0.000000 0.000000 0.000000 0.000000 1.000000
0.995158 -0.018576 0.096518 0.000000 0.014504 0.998982 0.042717 14.544500 -0.097213 -0.041110 0.994414 0.000000 0.000000 0.000000 0.000000 1.000000
0.995235 -0.015696 0.096237 0.000000 0.011266 0.998859 0.046410 14.544500 -0.096856 -0.045105 0.994276 0.000000 0.000000 0.000000 0.000000 1.000000
0.995338 -0.013147 0.095553 -0.000000 0.008407 0.998722 0.049842 14.544500 -0.096086 -0.048806 0.994176 0.000000 0.000000 0.000000 0.000000 1.000000
0.995435 -0.010236 0.094889 -0.000000 0.005231 0.998589 0.052841 14.544500 -0.095296 -0.052103 0.994084 0.000000 0.000000 0.000000 0.000000 1.000000
0.995492 -0.007238 0.094565 -0.000000 0.002002 0.998465 0.055341 14.544500 -0.094820 -0.054903 0.993979 -0.000000 0.000000 0.000000 0.000000 1.000000
0.995505 -0.004884 0.094588 0.000000 -0.000523 0.998371 0.057056 14.544500 -0.094712 -0.056849 0.993880 -0.000000 0.000000 0.000000 0.000000 1.000000
0.995503 -0.002983 0.094679 0.000000 -0.002490 0.998334 0.057638 14.544500 -0.094693 -0.057615 0.993838 0.000000 0.000000 0.000000 0.000000 1.000000
0.995524 -0.000679 0.094505 0.000000 -0.004751 0.998350 0.057223 14.544500 -0.094388 -0.057415 0.993878 0.000000 0.000000 0.000000 0.000000 1.000000</float_array>
        <technique_common>
          <accessor source="#mixamorig_Neck-Matrix-animation-output-transform-array" count="36" stride="16">
            <param type="float4x4"/>
          </accessor>
        </technique_common>
      </source>
      <source id="mixamorig_Neck-Interpolations">
        <Name_array id="mixamorig_Neck-Interpolations-array" count="36">
 LINEAR LINEAR LINEAR LINEAR LINEAR LINEAR LINEAR LINEAR LINEAR LINEAR LINEAR
LINEAR LINEAR LINEAR LINEAR LINEAR LINEAR LINEAR LINEAR LINEAR LINEAR LINEAR LINEAR
LINEAR LINEAR LINEAR LINEAR LINEAR LINEAR LINEAR LINEAR LINEAR LINEAR LINEAR LINEAR
LINEAR</Name_array>
        <technique_common>
          <accessor source="#mixamorig_Neck-Interpolations-array" count="36">
            <param type="name"/>
          </accessor>
        </technique_common>
      </source>
      <sampler id="mixamorig_Neck-Matrix-animation-transform">
        <input semantic="INPUT" source="#mixamorig_Neck-Matrix-animation-input"/>
        <input semantic="OUTPUT" source="#mixamorig_Neck-Matrix-animation-output-transform"/>
        <input semantic="INTERPOLATION" source="#mixamorig_Neck-Interpolations"/>
      </sampler>
      <channel source="#mixamorig_Neck-Matrix-animation-transform" target="mixamorig_Neck/matrix"/>
    </animation>
    <animation id="mixamorig_Neck1-anim" name="mixamorig_Neck1">
      <source id="mixamorig_Neck1-Matrix-animation-input">
        <float_array id="mixamorig_Neck1-Matrix-animation-input-array" count="36">

0.000000 0.033333 0.066667 0.100000 0.133333 0.166667 0.200000 0.233333 0.266667 0.300000 0.333333 0.366667 0.400000 0.433333 0.466667 0.500000
0.533333 0.566667 0.600000 0.633333 0.666667 0.700000 0.733333 0.766667 0.800000 0.833333 0.866667 0.900000 0.933333 0.966667 1.000000 1.033333
1.066667 1.100000 1.133333 1.166667</float_array>
        <technique_common>
          <accessor source="#mixamorig_Neck1-Matrix-animation-input-array" count="36">
            <param name="TIME" type="float"/>
          </accessor>
        </technique_common>
      </source>
      <source id="mixamorig_Neck1-Matrix-animation-output-transform">
        <float_array id="mixamorig_Neck1-Matrix-animation-output-transform-array" count="576">

1.000000 0.000000 0.000000 0.000000 -0.000000 1.000000 -0.000000 4.340000 0.000000 0.000000 1.000000 0.926900 0.000000 0.000000 0.000000 1.000000
1.000000 0.000000 0.000000 0.000000 -0.000000 1.000000 0.000000 4.340000 0.000000 -0.000000 1.000000 0.926900 0.000000 0.000000 0.000000 1.000000
1.000000 0.000000 0.000000 -0.000000 0.000000 1.000000 -0.000000 4.340000 -0.000000 -0.000000 1.000000 0.926900 0.000000 0.000000 0.000000 1.000000
1.000000 0.000000 0.000000 0.000000 -0.000000 1.000000 0.000000 4.340000 -0.000000 0.000000 1.000000 0.926900 0.000000 0.000000 0.000000 1.000000
