<?xml version="1.0" encoding="utf-8"?>
<COLLADA xmlns="http://www.collada.org/2005/11/COLLADASchema" version="1.4.1">
  <asset>
    <contributor>
      <author>Mixamo</author>
      <authoring_tool>COLLADA Mixamo exporter</authoring_tool>
      <comments/>
    </contributor>
    <created>2024-04-19T05:51:05Z</created>
    <modified>2024-04-19T05:51:05Z</modified>
    <revision/>
    <title/>
    <unit meter="0.010000"/>
    <up_axis>Y_UP</up_axis>
  </asset>
  <library_animations>
    <animation id="mixamorig_Hips-anim" name="mixamorig_Hips">
      <source id="mixamorig_Hips-Matrix-animation-input">
        <float_array id="mixamorig_Hips-Matrix-animation-input-array" count="122">

0.000000 0.033333 0.066667 0.100000 0.133333 0.166667 0.200000 0.233333 0.266667 0.300000 0.333333 0.366667 0.400000 0.433333 0.466667 0.500000
0.533333 0.566667 0.600000 0.633333 0.666667 0.700000 0.733333 0.766667 0.800000 0.833333 0.866667 0.900000 0.933333 0.966667 1.000000 1.033333
1.066667 1.100000 1.133333 1.166667 1.200000 1.233333 1.266667 1.300000 1.333333 1.366667 1.400000 1.433333 1.466667 1.500000 1.533333 1.566667
1.600000 1.633333 1.666667 1.700000 1.733333 1.766667 1.800000 1.833333 1.866667 1.900000 1.933333 1.966667 2.000000 2.033333 2.066667 2.100000
2.133333 2.166667 2.200000 2.233333 2.266667 2.300000 2.333333 2.366667 2.400000 2.433333 2.466667 2.500000 2.533333 2.566667 2.600000 2.633333
2.666667 2.700000 2.733333 2.766667 2.800000 2.833333 2.866667 2.900000 2.933333 2.966667 3.000000 3.033333 3.066667 3.100000 3.133333 3.166667
3.200000 3.233333 3.266667 3.300000 3.333333 3.366667 3.400000 3.433333 3.466667 3.500000 3.533333 3.566667 3.600000 3.633333 3.666667 3.700000
3.733333 3.766667 3.800000 3.833333 3.866667 3.900000 3.933333 3.966667 4.000000 4.033333</float_array>
        <technique_common>
          <accessor source="#mixamorig_Hips-Matrix-animation-input-array" count="122">
            <param name="TIME" type="float"/>
          </accessor>
        </technique_common>
      </source>
      <source id="mixamorig_Hips-Matrix-animation-output-transform">
        <float_array id="mixamorig_Hips-Matrix-animation-output-transform-array" count="1952">

0.838904 -0.047504 0.542202 -0.433551 0.093098 0.994027 -0.056953 89.090736 -0.536258 0.098256 0.838316 -1.473750 0.000000 0.000000 0.000000 1.000000
0.829157 -0.010352 0.558921 -2.088539 0.080816 0.991545 -0.101527 88.164917 -0.553144 0.129351 0.822982 -1.266059 0.000000 0.000000 0.000000 1.000000
0.826387 0.014087 0.562927 -3.484437 0.073409 0.988461 -0.132502 87.827217 -0.558298 0.150821 0.815817 -1.178280 0.000000 0.000000 0.000000 1.000000
0.826970 0.027009 0.561596 -4.539028 0.072475 0.985392 -0.154113 88.070099 -0.557555 0.168149 0.812932 -1.269268 0.000000 0.000000 0.000000 1.000000
0.827407 0.034131 0.560565 -5.251771 0.077396 0.981697 -0.174012 88.706932 -0.556244 0.187364 0.809622 -1.556242 0.000000 0.000000 0.000000 1.000000
0.827952 0.039790 0.559386 -5.711803 0.084489 0.977244 -0.194565 89.456627 -0.554398 0.208352 0.805749 -1.998416 0.000000 0.000000 0.000000 1.000000
0.830522 0.043488 0.555285 -6.019525 0.089734 0.973477 -0.210453 90.103516 -0.549709 0.224614 0.804592 -2.541446 0.000000 0.000000 0.000000 1.000000
0.835053 0.044029 0.548405 -6.232532 0.090871 0.972064 -0.216411 90.539558 -0.542613 0.230549 0.807724 -3.163644 0.000000 0.000000 0.000000 1.000000
0.840229 0.042193 0.540588 -6.376874 0.088046 0.973120 -0.212802 90.768356 -0.535036 0.226399 0.813929 -3.864845 0.000000 0.000000 0.000000 1.000000
0.845755 0.039276 0.532124 -6.476987 0.082803 0.975544 -0.203612 90.848877 -0.527107 0.216267 0.821819 -4.634351 0.000000 0.000000 0.000000 1.000000
0.852033 0.036087 0.522243 -6.566235 0.076672 0.978260 -0.192689 90.828957 -0.517843 0.204219 0.830743 -5.437723 0.000000 0.000000 0.000000 1.000000
0.858791 0.034150 0.511187 -6.680648 0.070142 0.980543 -0.183344 90.725006 -0.507502 0.193310 0.839686 -6.235322 0.000000 0.000000 0.000000 1.000000
0.865344 0.035702 0.499906 -6.858659 0.062840 0.981859 -0.178897 90.561844 -0.497224 0.186222 0.847402 -6.990449 0.000000 0.000000 0.000000 1.000000
0.871411 0.041660 0.488781 -7.140561 0.054386 0.982040 -0.180663 90.392029 -0.487529 0.184014 0.853495 -7.672766 0.000000 0.000000 0.000000 1.000000
0.876874 0.050223 0.478089 -7.561657 0.045173 0.981518 -0.185961 90.257378 -0.478592 0.184661 0.858399 -8.266090 0.000000 0.000000 0.000000 1.000000
0.881330 0.058551 0.468859 -8.137230 0.036135 0.981034 -0.190436 90.148918 -0.471117 0.184779 0.862499 -8.782125 0.000000 0.000000 0.000000 1.000000
0.884267 0.065708 0.462336 -8.850578 0.027978 0.980818 -0.192906 90.023529 -0.466143 0.183515 0.865467 -9.248328 0.000000 0.000000 0.000000 1.000000
0.885111 0.073451 0.459547 -9.659643 0.020723 0.980266 -0.196593 89.855911 -0.464918 0.183529 0.866123 -9.671302 0.000000 0.000000 0.000000 1.000000
0.882757 0.083773 0.462301 -10.525564 0.014348 0.978709 -0.204749 89.662086 -0.469610 0.187377 0.862761 -10.020552 0.000000 0.000000 0.000000 1.000000
0.875779 0.095564 0.473159 -11.435385 0.009963 0.976420 -0.215649 89.465919 -0.482610 0.193574 0.854176 -10.266915 0.000000 0.000000 0.000000 1.000000
0.864005 0.104441 0.492531 -12.386101 0.009393 0.974734 -0.223171 89.262299 -0.503395 0.197447 0.841194 -10.433872 0.000000 0.000000 0.000000 1.000000
0.849595 0.106982 0.516472 -13.349494 0.012895 0.974707 -0.223113 89.041740 -0.527278 0.196216 0.826727 -10.585657 0.000000 0.000000 0.000000 1.000000
0.835633 0.104636 0.539229 -14.264311 0.018675 0.975709 -0.218273 88.841621 -0.548970 0.192466 0.813381 -10.761580 0.000000 0.000000 0.000000 1.000000
0.823865 0.101868 0.557557 -15.092736 0.025200 0.976160 -0.215584 88.756699 -0.566226 0.191662 0.801657 -10.928156 0.000000 0.000000 0.000000 1.000000
0.814616 0.101576 0.571036 -15.814890 0.031441 0.975364 -0.218350 88.816895 -0.579147 0.195825 0.791354 -11.061810 0.000000 0.000000 0.000000 1.000000
0.808143 0.103157 0.579883 -16.424599 0.036089 0.974020 -0.223566 88.975548 -0.587880 0.201601 0.783425 -11.172411 0.000000 0.000000 0.000000 1.000000
0.804219 0.104455 0.585082 -16.955006 0.038503 0.973210 -0.226670 89.258217 -0.593084 0.204820 0.778653 -11.212456 0.000000 0.000000 0.000000 1.000000
0.800732 0.104888 0.589768 -17.391438 0.039009 0.973331 -0.226066 89.660126 -0.597751 0.204025 0.775285 -11.185418 0.000000 0.000000 0.000000 1.000000
0.794781 0.103605 0.597988 -17.722242 0.040177 0.974177 -0.222181 90.180481 -0.605565 0.200611 0.770095 -11.134969 0.000000 0.000000 0.000000 1.000000
0.785911 0.098388 0.610462 -17.944693 0.044590 0.975672 -0.214654 90.790070 -0.616730 0.195920 0.762404 -11.140257 0.000000 0.000000 0.000000 1.000000
0.777615 0.087824 0.622577 -18.062576 0.051995 0.977822 -0.202879 91.442963 -0.626588 0.190132 0.755803 -11.249437 0.000000 0.000000 0.000000 1.000000
0.775011 0.073696 0.627636 -18.086411 0.059518 0.980250 -0.188593 92.109726 -0.629139 0.183518 0.755318 -11.436609 0.000000 0.000000 0.000000 1.000000
0.780491 0.059858 0.622294 -18.032494 0.064418 0.982407 -0.175292 92.781647 -0.621839 0.176901 0.762904 -11.643721 0.000000 0.000000 0.000000 1.000000
0.791715 0.048793 0.608938 -17.913221 0.065872 0.984175 -0.164503 93.438431 -0.607328 0.170351 0.775972 -11.852642 0.000000 0.000000 0.000000 1.000000
0.804239 0.039974 0.592960 -17.730469 0.064788 0.985892 -0.154334 94.027748 -0.590764 0.162538 0.790303 -12.096371 0.000000 0.000000 0.000000 1.000000
0.815493 0.031716 0.577897 -17.486444 0.062565 0.987815 -0.142501 94.503601 -0.575375 0.152365 0.803572 -12.399952 0.000000 0.000000 0.000000 1.000000
0.825563 0.023978 0.563801 -17.198687 0.059821 0.989749 -0.129687 94.869545 -0.561131 0.140792 0.815665 -12.735174 0.000000 0.000000 0.000000 1.000000
0.835083 0.018030 0.549829 -16.907124 0.056799 0.991296 -0.118772 95.192612 -0.547185 0.130414 0.826790 -13.022280 0.000000 0.000000 0.000000 1.000000
0.843581 0.015011 0.536792 -16.642269 0.053051 0.992390 -0.111122 95.528961 -0.534375 0.122218 0.836365 -13.197823 0.000000 0.000000 0.000000 1.000000
0.850213 0.014965 0.526226 -16.392441 0.047507 0.993336 -0.105004 95.830902 -0.524291 0.114275 0.843837 -13.284849 0.000000 0.000000 0.000000 1.000000
0.855321 0.015931 0.517854 -16.139912 0.040717 0.994369 -0.097841 96.068008 -0.516497 0.104771 0.849855 -13.315474 0.000000 0.000000 0.000000 1.000000
0.860436 0.015961 0.509308 -15.866844 0.034177 0.995451 -0.088934 96.233704 -0.508411 0.093929 0.855976 -13.327600 0.000000 0.000000 0.000000 1.000000
0.866961 0.014706 0.498159 -15.559944 0.028954 0.996390 -0.079803 96.344925 -0.497534 0.083610 0.863405 -13.350434 0.000000 0.000000 0.000000 1.000000
0.875111 0.013537 0.483734 -15.207164 0.024779 0.997044 -0.072729 96.418671 -0.483288 0.075632 0.872188 -13.397331 0.000000 0.000000 0.000000 1.000000
0.884066 0.014051 0.467151 -14.803108 0.020670 0.997394 -0.069118 96.457489 -0.466905 0.070761 0.881472 -13.463711 0.000000 0.000000 0.000000 1.000000
0.892739 0.015988 0.450291 -14.368811 0.016773 0.997498 -0.068671 96.465500 -0.450262 0.068858 0.890237 -13.525270 0.000000 0.000000 0.000000 1.000000
0.900280 0.016953 0.434982 -13.959704 0.014928 0.997451 -0.069770 96.465813 -0.435056 0.069306 0.897732 -13.541641 0.000000 0.000000 0.000000 1.000000
0.906174 0.015206 0.422631 -13.632787 0.016319 0.997352 -0.070874 96.480911 -0.422589 0.071121 0.903527 -13.477825 0.000000 0.000000 0.000000 1.000000
0.910267 0.012654 0.413828 -13.392394 0.018738 0.997250 -0.071709 96.480629 -0.413598 0.073029 0.907526 -13.334827 0.000000 0.000000 0.000000 1.000000
0.912952 0.013149 0.407855 -13.184843 0.018230 0.997169 -0.072955 96.409546 -0.407659 0.074040 0.910128 -13.134251 0.000000 0.000000 0.000000 1.000000
0.915269 0.017768 0.402452 -12.944307 0.013503 0.997112 -0.074732 96.261055 -0.402618 0.073834 0.912386 -12.879822 0.000000 0.000000 0.000000 1.000000
0.918691 0.023684 0.394267 -12.625434 0.006878 0.997090 -0.075922 96.086739 -0.394917 0.072461 0.915855 -12.546088 0.000000 0.000000 0.000000 1.000000
0.924660 0.028359 0.379737 -12.194079 0.000419 0.997147 -0.075488 95.938927 -0.380795 0.069960 0.922009 -12.102083 0.000000 0.000000 0.000000 1.000000
0.934024 0.032321 0.355746 -11.611629 -0.006409 0.997254 -0.073778 95.796837 -0.357153 0.066630 0.931666 -11.540560 0.000000 0.000000 0.000000 1.000000
0.946824 0.036340 0.319694 -10.841619 -0.014164 0.997346 -0.071422 95.603210 -0.321441 0.063096 0.944825 -10.874842 0.000000 0.000000 0.000000 1.000000
0.962350 0.037977 0.269145 -9.850348 -0.020612 0.997536 -0.067057 95.341942 -0.271029 0.058985 0.960762 -10.117699 0.000000 0.000000 0.000000 1.000000
0.978980 0.033900 0.201118 -8.587840 -0.022793 0.998097 -0.057290 95.009705 -0.202678 0.051502 0.977890 -9.271196 0.000000 0.000000 0.000000 1.000000
0.993359 0.023160 0.112699 -7.065868 -0.018743 0.999020 -0.040096 94.663689 -0.113517 0.037717 0.992820 -8.373275 0.000000 0.000000 0.000000 1.000000
0.999922 0.012034 0.003195 -5.269031 -0.011974 0.999763 -0.018187 94.137558 -0.003414 0.018147 0.999829 -7.438449 0.000000 0.000000 0.000000 1.000000
0.992524 0.005774 -0.121912 -3.259973 -0.005625 0.999983 0.001564 93.306305 0.121919 -0.000866 0.992540 -6.437998 0.000000 0.000000 0.000000 1.000000
0.968244 0.004148 -0.249974 -1.139908 -0.001188 0.999927 0.011990 92.119431 0.250006 -0.011312 0.968178 -5.350915 0.000000 0.000000 0.000000 1.000000
0.931224 0.005266 -0.364409 1.018211 -0.001538 0.999943 0.010518 90.669113 0.364444 -0.009235 0.931180 -4.225002 0.000000 0.000000 0.000000 1.000000
0.893118 0.009561 -0.449720 3.151799 -0.009439 0.999952 0.002513 89.103760 0.449723 0.002000 0.893166 -3.115268 0.000000 0.000000 0.000000 1.000000
0.866394 0.021334 -0.498906 5.199069 -0.026371 0.999648 -0.003049 87.562424 0.498665 0.015798 0.866651 -2.164873 0.000000 0.000000 0.000000 1.000000
0.855674 0.036362 -0.516235 6.982180 -0.045870 0.998931 -0.005669 86.368111 0.515478 0.028531 0.856428 -1.494219 0.000000 0.000000 0.000000 1.000000
0.856049 0.045192 -0.514916 8.371081 -0.061659 0.997986 -0.014920 85.812912 0.513205 0.044521 0.857111 -1.117209 0.000000 0.000000 0.000000 1.000000
0.860807 0.042458 -0.507157 9.329700 -0.071626 0.996702 -0.038131 85.898964 0.503866 0.069149 0.861010 -1.057379 0.000000 0.000000 0.000000 1.000000
0.867516 0.033561 -0.496276 9.961459 -0.078824 0.994390 -0.070542 86.435150 0.491124 0.100315 0.865294 -1.256071 0.000000 0.000000 0.000000 1.000000
0.876340 0.026877 -0.480943 10.400578 -0.085307 0.991320 -0.100042 87.144562 0.474079 0.128698 0.871026 -1.614593 0.000000 0.000000 0.000000 1.000000
0.886016 0.025077 -0.462976 10.735843 -0.090242 0.988767 -0.119144 87.818954 0.454788 0.147344 0.878327 -2.044066 0.000000 0.000000 0.000000 1.000000
0.894158 0.025845 -0.447006 11.003899 -0.093112 0.987241 -0.129173 88.356796 0.437964 0.157123 0.885155 -2.491472 0.000000 0.000000 0.000000 1.000000
0.899888 0.027198 -0.435272 11.218705 -0.095067 0.986286 -0.134914 88.731895 0.425634 0.162787 0.890133 -2.923891 0.000000 0.000000 0.000000 1.000000
0.903949 0.028748 -0.426672 11.393678 -0.096942 0.985539 -0.138979 88.954117 0.416507 0.166993 0.893664 -3.313313 0.000000 0.000000 0.000000 1.000000
0.906990 0.029568 -0.420112 11.554301 -0.097659 0.985109 -0.141506 89.046844 0.409672 0.169372 0.896372 -3.645206 0.000000 0.000000 0.000000 1.000000
0.908861 0.027986 -0.416158 11.749901 -0.095631 0.985149 -0.142602 89.051468 0.405987 0.169403 0.898041 -3.916955 0.000000 0.000000 0.000000 1.000000
0.909272 0.023081 -0.415561 12.023721 -0.090498 0.985537 -0.143276 88.976166 0.406244 0.167884 0.898210 -4.159075 0.000000 0.000000 0.000000 1.000000
0.908392 0.015787 -0.417821 12.396063 -0.083574 0.985977 -0.144446 88.812607 0.409682 0.166133 0.896973 -4.400550 0.000000 0.000000 0.000000 1.000000
0.906625 0.007811 -0.421866 12.867913 -0.076442 0.986324 -0.146018 88.576973 0.414956 0.164632 0.894823 -4.625202 0.000000 0.000000 0.000000 1.000000
0.903966 -0.000088 -0.427604 13.424167 -0.069450 0.986692 -0.147023 88.294434 0.421927 0.162601 0.891930 -4.790064 0.000000 0.000000 0.000000 1.000000
0.899853 -0.007501 -0.436130 14.055090 -0.062679 0.987252 -0.146302 88.000710 0.431667 0.158986 0.887911 -4.844920 0.000000 0.000000 0.000000 1.000000
0.893836 -0.013599 -0.448189 14.744794 -0.056830 0.988044 -0.143316 87.696869 0.444779 0.153571 0.882376 -4.793990 0.000000 0.000000 0.000000 1.000000
0.886290 -0.016998 -0.462819 15.495405 -0.053489 0.988882 -0.138749 87.411537 0.460032 0.147728 0.875527 -4.653225 0.000000 0.000000 0.000000 1.000000
0.878156 -0.017286 -0.478061 16.321709 -0.053530 0.989520 -0.134108 87.221115 0.475369 0.143358 0.868028 -4.418597 0.000000 0.000000 0.000000 1.000000
0.870149 -0.014983 -0.492560 17.228848 -0.056557 0.989896 -0.130025 87.235725 0.489532 0.140999 0.860510 -4.062815 0.000000 0.000000 0.000000 1.000000
0.862528 -0.010528 -0.505900 18.165619 -0.061244 0.990262 -0.125025 87.502777 0.502289 0.138821 0.853483 -3.617901 0.000000 0.000000 0.000000 1.000000
0.860913 -0.001587 -0.508750 19.044308 -0.067955 0.990676 -0.118083 88.000504 0.504193 0.136231 0.852778 -3.173399 0.000000 0.000000 0.000000 1.000000
0.859731 0.008220 -0.510681 19.746531 -0.075011 0.991060 -0.110330 88.584900 0.505209 0.133161 0.852662 -2.887927 0.000000 0.000000 0.000000 1.000000
0.859048 0.018583 -0.511557 20.236715 -0.082149 0.991393 -0.101939 89.165344 0.505260 0.129594 0.853181 -2.832376 0.000000 0.000000 0.000000 1.000000
0.858905 0.029657 -0.511276 20.560671 -0.089649 0.991614 -0.093085 89.707176 0.504228 0.125786 0.854361 -2.971981 0.000000 0.000000 0.000000 1.000000
0.859345 0.041489 -0.509711 20.787453 -0.097674 0.991671 -0.083954 90.146088 0.501982 0.121931 0.856240 -3.221567 0.000000 0.000000 0.000000 1.000000
0.860396 0.053819 -0.506776 20.965101 -0.106037 0.991550 -0.074728 90.494774 0.498472 0.118033 0.858833 -3.511121 0.000000 0.000000 0.000000 1.000000
0.862090 0.066244 -0.502406 21.110807 -0.114392 0.991268 -0.065586 90.810516 0.493675 0.114012 0.862141 -3.806642 0.000000 0.000000 0.000000 1.000000
0.864470 0.078316 -0.496547 21.211403 -0.122339 0.990867 -0.056708 91.076141 0.487571 0.109769 0.866156 -4.111892 0.000000 0.000000 0.000000 1.000000
0.867577 0.090066 -0.489080 21.250654 -0.130021 0.990336 -0.048269 91.315117 0.480005 0.105468 0.870903 -4.407135 0.000000 0.000000 0.000000 1.000000
0.871445 0.101326 -0.479914 21.207954 -0.137350 0.989696 -0.040446 91.532623 0.470871 0.101163 0.876383 -4.678842 0.000000 0.000000 0.000000 1.000000
0.876105 0.111861 -0.468963 21.076080 -0.144157 0.988991 -0.033408 91.728653 0.460063 0.096873 0.882586 -4.913072 0.000000 0.000000 0.000000 1.000000
0.881588 0.121402 -0.456141 20.863905 -0.150230 0.988273 -0.027322 91.901062 0.447475 0.092613 0.889488 -5.121685 0.000000 0.000000 0.000000 1.000000
0.887913 0.129702 -0.441347 20.578413 -0.155372 0.987603 -0.022346 92.049515 0.432977 0.088415 0.897058 -5.335595 0.000000 0.000000 0.000000 1.000000
0.895086 0.136542 -0.424473 20.193054 -0.159403 0.987038 -0.018628 92.175423 0.416427 0.084336 0.905249 -5.554825 0.000000 0.000000 0.000000 1.000000
0.903089 0.141709 -0.405398 19.656187 -0.162137 0.986634 -0.016302 92.279808 0.397669 0.080452 0.913995 -5.724207 0.000000 0.000000 0.000000 1.000000
0.911865 0.145183 -0.383959 18.969608 -0.163541 0.986416 -0.015410 92.359535 0.376507 0.076845 0.923221 -5.789345 0.000000 0.000000 0.000000 1.000000
0.921167 0.148078 -0.359895 18.250862 -0.164614 0.986236 -0.015551 92.414627 0.352638 0.073569 0.932863 -5.769150 0.000000 0.000000 0.000000 1.000000
0.930769 0.150387 -0.333246 17.640583 -0.165275 0.986108 -0.016612 92.438118 0.326118 0.070539 0.942694 -5.749039 0.000000 0.000000 0.000000 1.000000
0.940445 0.151928 -0.304108 17.180767 -0.165294 0.986070 -0.018540 92.425629 0.297055 0.067703 0.952457 -5.779762 0.000000 0.000000 0.000000 1.000000
0.949966 0.152494 -0.272598 16.794992 -0.164408 0.986163 -0.021271 92.368759 0.265582 0.065024 0.961893 -5.826367 0.000000 0.000000 0.000000 1.000000
0.959108 0.151868 -0.238848 16.387764 -0.162350 0.986424 -0.024720 92.259361 0.231851 0.062487 0.970742 -5.815228 0.000000 0.000000 0.000000 1.000000
0.967594 0.150269 -0.202931 15.925201 -0.159294 0.986811 -0.028803 92.121857 0.195926 0.060195 0.978769 -5.702468 0.000000 0.000000 0.000000 1.000000
0.975183 0.147711 -0.164922 15.415104 -0.155201 0.987317 -0.033423 91.964096 0.157893 0.058190 0.985740 -5.504136 0.000000 0.000000 0.000000 1.000000
0.981665 0.143951 -0.124948 14.868574 -0.149772 0.987972 -0.038467 91.777420 0.117907 0.056476 0.991417 -5.240964 0.000000 0.000000 0.000000 1.000000
0.986776 0.139152 -0.083131 14.298516 -0.143118 0.988736 -0.043793 91.582474 0.076100 0.055112 0.995576 -4.892429 0.000000 0.000000 0.000000 1.000000
0.990246 0.133572 -0.039645 13.712420 -0.135451 0.989560 -0.049230 91.401276 0.032655 0.054120 0.998000 -4.426995 0.000000 0.000000 0.000000 1.000000
0.991841 0.127372 0.005286 13.074797 -0.126897 0.990413 -0.054588 91.236580 -0.012188 0.053472 0.998495 -3.856105 0.000000 0.000000 0.000000 1.000000
0.991397 0.120364 0.051423 12.294881 -0.117258 0.991308 -0.059661 91.086777 -0.058157 0.053118 0.996893 -3.255809 0.000000 0.000000 0.000000 1.000000
0.988745 0.112570 0.098542 11.318119 -0.106565 0.992229 -0.064232 90.968315 -0.105007 0.053008 0.993058 -2.725561 0.000000 0.000000 0.000000 1.000000
0.983652 0.104912 0.146366 10.214124 -0.095786 0.993071 -0.068081 90.975311 -0.152495 0.052948 0.986885 -2.344584 0.000000 0.000000 0.000000 1.000000
0.976226 0.094653 0.194997 9.014348 -0.082196 0.994082 -0.071031 90.922958 -0.200566 0.053314 0.978228 -2.077548 0.000000 0.000000 0.000000 1.000000
0.965630 0.079316 0.247523 7.711158 -0.063011 0.995330 -0.073126 90.799347 -0.252167 0.055016 0.966119 -1.899799 0.000000 0.000000 0.000000 1.000000
0.950438 0.057403 0.305569 6.264790 -0.036403 0.996595 -0.073987 90.568687 -0.308776 0.059196 0.949291 -1.777557 0.000000 0.000000 0.000000 1.000000
0.929861 0.030721 0.366625 4.655502 -0.004188 0.997327 -0.072948 90.181808 -0.367886 0.066296 0.927505 -1.658141 0.000000 0.000000 0.000000 1.000000
0.903803 0.003096 0.427938 2.970561 0.029571 0.997132 -0.069667 89.798599 -0.426927 0.075620 0.901119 -1.578962 0.000000 0.000000 0.000000 1.000000
0.873009 -0.023530 0.487137 1.262324 0.062659 0.995969 -0.064183 89.439903 -0.483663 0.086556 0.870964 -1.528094 0.000000 0.000000 0.000000 1.000000
0.838901 -0.047565 0.542202 -0.435554 0.093170 0.994020 -0.056953 89.092911 -0.536251 0.098295 0.838316 -1.478996 0.000000 0.000000 0.000000 1.000000</float_array>
        <technique_common>
          <accessor source="#mixamorig_Hips-Matrix-animation-output-transform-array" count="122" stride="16">
            <param type="float4x4"/>
          </accessor>
        </technique_common>
      </source>
      <source id="mixamorig_Hips-Interpolations">
        <Name_array id="mixamorig_Hips-Interpolations-array" count="122">
 LINEAR LINEAR LINEAR LINEAR LINEAR LINEAR LINEAR LINEAR LINEAR LINEAR LINEAR
LINEAR LINEAR LINEAR LINEAR LINEAR LINEAR LINEAR LINEAR LINEAR LINEAR LINEAR LINEAR
LINEAR LINEAR LINEAR LINEAR LINEAR LINEAR LINEAR LINEAR LINEAR LINEAR LINEAR LINEAR
LINEAR LINEAR LINEAR LINEAR LINEAR LINEAR LINEAR LINEAR LINEAR LINEAR LINEAR LINEAR
LINEAR LINEAR LINEAR LINEAR LINEAR LINEAR LINEAR LINEAR LINEAR LINEAR LINEAR LINEAR
LINEAR LINEAR LINEAR LINEAR LINEAR LINEAR LINEAR LINEAR LINEAR LINEAR LINEAR LINEAR
LINEAR LINEAR LINEAR LINEAR LINEAR LINEAR LINEAR LINEAR LINEAR LINEAR LINEAR LINEAR
LINEAR LINEAR LINEAR LINEAR LINEAR LINEAR LINEAR LINEAR LINEAR LINEAR LINEAR LINEAR
LINEAR LINEAR LINEAR LINEAR LINEAR LINEAR LINEAR LINEAR LINEAR LINEAR LINEAR LINEAR
LINEAR LINEAR LINEAR LINEAR LINEAR LINEAR LINEAR LINEAR LINEAR LINEAR LINEAR LINEAR
LINEAR LINEAR LINEAR</Name_array>
        <technique_common>
          <accessor source="#mixamorig_Hips-Interpolations-array" count="122">
            <param type="name"/>
          </accessor>
        </technique_common>
      </source>
      <sampler id="mixamorig_Hips-Matrix-animation-transform">
        <input semantic="INPUT" source="#mixamorig_Hips-Matrix-animation-input"/>
        <input semantic="OUTPUT" source="#mixamorig_Hips-Matrix-animation-output-transform"/>
        <input semantic="INTERPOLATION" source="#mixamorig_Hips-Interpolations"/>
      </sampler>
      <channel source="#mixamorig_Hips-Matrix-animation-transform" target="mixamorig_Hips/matrix"/>
    </animation>
    <animation id="mixamorig_Spine-anim" name="mixamorig_Spine">
      <source id="mixamorig_Spine-Matrix-animation-input">
        <float_array id="mixamorig_Spine-Matrix-animation-input-array" count="122">

0.000000 0.033333 0.066667 0.100000 0.133333 0.166667 0.200000 0.233333 0.266667 0.300000 0.333333 0.366667 0.400000 0.433333 0.466667 0.500000
0.533333 0.566667 0.600000 0.633333 0.666667 0.700000 0.733333 0.766667 0.800000 0.833333 0.866667 0.900000 0.933333 0.966667 1.000000 1.033333
1.066667 1.100000 1.133333 1.166667 1.200000 1.233333 1.266667 1.300000 1.333333 1.366667 1.400000 1.433333 1.466667 1.500000 1.533333 1.566667
1.600000 1.633333 1.666667 1.700000 1.733333 1.766667 1.800000 1.833333 1.866667 1.900000 1.933333 1.966667 2.000000 2.033333 2.066667 2.100000
2.133333 2.166667 2.200000 2.233333 2.266667 2.300000 2.333333 2.366667 2.400000 2.433333 2.466667 2.500000 2.533333 2.566667 2.600000 2.633333
2.666667 2.700000 2.733333 2.766667 2.800000 2.833333 2.866667 2.900000 2.933333 2.966667 3.000000 3.033333 3.066667 3.100000 3.133333 3.166667
3.200000 3.233333 3.266667 3.300000 3.333333 3.366667 3.400000 3.433333 3.466667 3.500000 3.533333 3.566667 3.600000 3.633333 3.666667 3.700000
3.733333 3.766667 3.800000 3.833333 3.866667 3.900000 3.933333 3.966667 4.000000 4.033333</float_array>
        <technique_common>
          <accessor source="#mixamorig_Spine-Matrix-animation-input-array" count="122">
            <param name="TIME" type="float"/>
          </accessor>
        </technique_common>
      </source>
      <source id="mixamorig_Spine-Matrix-animation-output-transform">
        <float_array id="mixamorig_Spine-Matrix-animation-output-transform-array" count="1952">

0.998800 -0.045378 0.018434 0.000000 0.047426 0.990042 -0.132544 11.384800 -0.012236 0.133259 0.991006 -0.357600 0.000000 0.000000 0.000000 1.000000
0.997648 -0.064977 0.021813 0.000000 0.067330 0.988632 -0.134435 11.384800 -0.012830 0.135588 0.990682 -0.357600 0.000000 0.000000 0.000000 1.000000
0.996745 -0.077679 0.021592 0.000000 0.079918 0.987290 -0.137373 11.384800 -0.010646 0.138651 0.990284 -0.357600 0.000000 0.000000 0.000000 1.000000
0.996340 -0.083572 0.017943 0.000000 0.085261 0.986590 -0.139180 11.384800 -0.006071 0.140201 0.990105 -0.357600 0.000000 0.000000 0.000000 1.000000
0.996339 -0.084570 0.012531 -0.000000 0.085491 0.986634 -0.138723 11.384800 -0.000631 0.139287 0.990252 -0.357600 0.000000 0.000000 0.000000 1.000000
0.996495 -0.083312 0.007564 -0.000000 0.083559 0.986983 -0.137416 11.384800 0.003983 0.137566 0.990485 -0.357600 0.000000 0.000000 0.000000 1.000000
0.996630 -0.081914 0.004239 -0.000000 0.081718 0.987134 -0.137433 11.384800 0.007073 0.137317 0.990502 -0.357600 0.000000 0.000000 0.000000 1.000000
0.996658 -0.081653 0.002459 -0.000000 0.081200 0.986937 -0.139149 11.384800 0.008935 0.138883 0.990268 -0.357600 0.000000 0.000000 0.000000 1.000000
0.996592 -0.082475 0.001738 0.000000 0.081891 0.986559 -0.141408 11.384800 0.009948 0.141068 0.989950 -0.357600 0.000000 0.000000 0.000000 1.000000
0.996523 -0.083293 0.001975 0.000000 0.082714 0.986195 -0.143450 11.384800 0.010001 0.143114 0.989656 -0.357600 0.000000 0.000000 0.000000 1.000000
0.996513 -0.083371 0.003313 0.000000 0.082966 0.985892 -0.145375 11.384800 0.008854 0.145143 0.989371 -0.357600 0.000000 0.000000 0.000000 1.000000
0.996522 -0.083137 0.005630 0.000000 0.083059 0.985628 -0.147098 11.384800 0.006681 0.147054 0.989106 -0.357600 0.000000 0.000000 0.000000 1.000000
0.996510 -0.083053 0.008352 0.000000 0.083373 0.985464 -0.148018 11.384800 0.004063 0.148198 0.988949 -0.357600 0.000000 0.000000 0.000000 1.000000
0.996504 -0.082829 0.010878 0.000000 0.083526 0.985467 -0.147915 11.384800 0.001531 0.148306 0.988940 -0.357600 0.000000 0.000000 0.000000 1.000000
0.996554 -0.081923 0.013009 0.000000 0.082946 0.985575 -0.147522 11.384800 -0.000736 0.148093 0.988973 -0.357600 0.000000 0.000000 0.000000 1.000000
0.996645 -0.080476 0.014891 0.000000 0.081795 0.985635 -0.147763 11.384800 -0.002785 0.148486 0.988911 -0.357600 0.000000 0.000000 0.000000 1.000000
0.996718 -0.079218 0.016670 -0.000000 0.080819 0.985589 -0.148602 11.384800 -0.004658 0.149462 0.988757 -0.357600 0.000000 0.000000 0.000000 1.000000
0.996726 -0.078743 0.018331 0.000000 0.080600 0.985554 -0.148955 11.384800 -0.006337 0.149944 0.988674 -0.357600 0.000000 0.000000 0.000000 1.000000
0.996656 -0.079280 0.019807 -0.000000 0.081343 0.985665 -0.147809 11.384800 -0.007805 0.148925 0.988818 -0.357600 0.000000 0.000000 0.000000 1.000000
0.996466 -0.081293 0.021137 -0.000000 0.083510 0.985850 -0.145344 11.384800 -0.009022 0.146596 0.989155 -0.357600 0.000000 0.000000 0.000000 1.000000
0.996048 -0.085923 0.022470 -0.000000 0.088261 0.985811 -0.142780 11.384800 -0.009883 0.144199 0.989499 -0.357600 0.000000 0.000000 0.000000 1.000000
0.995286 -0.093994 0.023907 0.000000 0.096437 0.985302 -0.140992 11.384800 -0.010304 0.142633 0.989722 -0.357600 0.000000 0.000000 0.000000 1.000000
0.994246 -0.104100 0.025253 0.000000 0.106619 0.984467 -0.139488 11.384800 -0.010340 0.141378 0.989902 -0.357600 0.000000 0.000000 0.000000 1.000000
0.993315 -0.112468 0.026001 0.000000 0.114986 0.983857 -0.137124 11.384800 -0.010160 0.139197 0.990213 -0.357600 0.000000 0.000000 0.000000 1.000000
0.992856 -0.116495 0.025820 0.000000 0.118915 0.983880 -0.133562 11.384800 -0.009844 0.135678 0.990704 -0.357600 0.000000 0.000000 0.000000 1.000000
0.992869 -0.116624 0.024708 0.000000 0.118856 0.984427 -0.129523 11.384800 -0.009217 0.131536 0.991269 -0.357600 0.000000 0.000000 0.000000 1.000000
0.993165 -0.114521 0.022555 -0.000000 0.116458 0.985216 -0.125644 11.384800 -0.007833 0.127412 0.991819 -0.357600 0.000000 0.000000 0.000000 1.000000
0.993466 -0.112488 0.019266 0.000000 0.114003 0.985991 -0.121756 11.384800 -0.005300 0.123157 0.992373 -0.357600 0.000000 0.000000 0.000000 1.000000
0.993622 -0.111802 0.014687 0.000000 0.112755 0.986626 -0.117708 11.384800 -0.001330 0.118613 0.992940 -0.357600 0.000000 0.000000 0.000000 1.000000
0.993622 -0.112387 0.009156 0.000000 0.112696 0.987050 -0.114155 11.384800 0.003792 0.114459 0.993421 -0.357600 0.000000 0.000000 0.000000 1.000000
0.993581 -0.113060 0.003786 -0.000000 0.112771 0.987298 -0.111915 11.384800 0.008916 0.111624 0.993711 -0.357600 0.000000 0.000000 0.000000 1.000000
0.993672 -0.112320 -0.000166 0.000000 0.111609 0.987542 -0.110921 11.384800 0.012622 0.110201 0.993829 -0.357600 0.000000 0.000000 0.000000 1.000000
0.993971 -0.109616 -0.002246 -0.000000 0.108701 0.987931 -0.110349 11.384800 0.014315 0.109439 0.993890 -0.357600 0.000000 0.000000 0.000000 1.000000
0.994350 -0.106104 -0.003047 -0.000000 0.105134 0.988406 -0.109547 11.384800 0.014636 0.108608 0.993977 -0.357600 0.000000 0.000000 0.000000 1.000000
0.994584 -0.103875 -0.003461 -0.000000 0.102890 0.988765 -0.108432 11.384800 0.014686 0.107488 0.994098 -0.357600 0.000000 0.000000 0.000000 1.000000
0.994559 -0.104102 -0.003966 -0.000000 0.103082 0.988890 -0.107097 11.384800 0.015071 0.106105 0.994241 -0.357600 0.000000 0.000000 0.000000 1.000000
0.994355 -0.105994 -0.004831 -0.000000 0.104898 0.988879 -0.105429 11.384800 0.015952 0.104327 0.994415 -0.357600 0.000000 0.000000 0.000000 1.000000
0.994233 -0.107030 -0.006666 -0.000000 0.105776 0.989013 -0.103271 11.384800 0.017646 0.101971 0.994631 -0.357600 0.000000 0.000000 0.000000 1.000000
0.994324 -0.105906 -0.010207 -0.000000 0.104351 0.989427 -0.100723 11.384800 0.020766 0.099086 0.994862 -0.357600 0.000000 0.000000 0.000000 1.000000
0.994454 -0.104041 -0.015371 0.000000 0.102054 0.989942 -0.097980 11.384800 0.025411 0.095868 0.995070 -0.357600 0.000000 0.000000 0.000000 1.000000
0.994491 -0.102714 -0.020909 -0.000000 0.100296 0.990414 -0.094975 11.384800 0.030464 0.092355 0.995260 -0.357600 0.000000 0.000000 0.000000 1.000000
0.994455 -0.102094 -0.025223 0.000000 0.099399 0.990826 -0.091558 11.384800 0.034340 0.088543 0.995480 -0.357600 0.000000 0.000000 0.000000 1.000000
0.994433 -0.101691 -0.027610 -0.000000 0.098917 0.991197 -0.088000 11.384800 0.036316 0.084779 0.995738 -0.357600 0.000000 0.000000 0.000000 1.000000
0.994418 -0.101578 -0.028535 0.000000 0.098841 0.991474 -0.084905 11.384800 0.036916 0.081611 0.995980 -0.357600 0.000000 0.000000 0.000000 1.000000
0.994311 -0.102507 -0.028938 0.000000 0.099823 0.991576 -0.082542 11.384800 0.037156 0.079183 0.996167 -0.357600 0.000000 0.000000 0.000000 1.000000
0.994125 -0.104136 -0.029517 -0.000000 0.101472 0.991562 -0.080668 11.384800 0.037668 0.077199 0.996304 -0.357600 0.000000 0.000000 0.000000 1.000000
0.994121 -0.103878 -0.030549 0.000000 0.101196 0.991717 -0.079103 11.384800 0.038513 0.075547 0.996398 -0.357600 0.000000 0.000000 0.000000 1.000000
0.994559 -0.099122 -0.032065 -0.000000 0.096380 0.992282 -0.078017 11.384800 0.039551 0.074502 0.996436 -0.357600 0.000000 0.000000 0.000000 1.000000
0.995284 -0.090888 -0.033892 -0.000000 0.088050 0.993098 -0.077480 11.384800 0.040700 0.074130 0.996418 -0.357600 0.000000 0.000000 0.000000 1.000000
0.995908 -0.083067 -0.035588 0.000000 0.080135 0.993795 -0.077136 11.384800 0.041775 0.073968 0.996385 -0.357600 0.000000 0.000000 0.000000 1.000000
0.996309 -0.077628 -0.036648 -0.000000 0.074649 0.994260 -0.076648 11.384800 0.042388 0.073630 0.996384 -0.357600 0.000000 0.000000 0.000000 1.000000
0.996681 -0.072592 -0.036855 -0.000000 0.069627 0.994658 -0.076203 11.384800 0.042189 0.073384 0.996411 -0.357600 0.000000 0.000000 0.000000 1.000000
0.997174 -0.065806 -0.036254 0.000000 0.062898 0.995104 -0.076231 11.384800 0.041093 0.073735 0.996431 -0.357600 0.000000 0.000000 0.000000 1.000000
0.997703 -0.058161 -0.034716 -0.000000 0.055360 0.995507 -0.076821 11.384800 0.039028 0.074723 0.996440 -0.357600 0.000000 0.000000 0.000000 1.000000
0.998168 -0.051507 -0.031758 -0.000000 0.048906 0.995765 -0.077847 11.384800 0.035633 0.076151 0.996459 -0.357600 0.000000 0.000000 0.000000 1.000000
0.998613 -0.045214 -0.026969 -0.000000 0.042935 0.995885 -0.079810 11.384800 0.030467 0.078542 0.996445 -0.357600 0.000000 0.000000 0.000000 1.000000
0.999109 -0.037106 -0.020120 0.000000 0.035290 0.995830 -0.084121 11.384800 0.023157 0.083336 0.996252 -0.357600 0.000000 0.000000 0.000000 1.000000
0.999647 -0.023972 -0.011435 0.000000 0.022818 0.995484 -0.092143 11.384800 0.013592 0.091850 0.995680 -0.357600 0.000000 0.000000 0.000000 1.000000
0.999981 -0.006047 -0.000976 -0.000000 0.005913 0.994581 -0.103798 11.384800 0.001598 0.103790 0.994598 -0.357600 0.000000 0.000000 0.000000 1.000000
0.999814 0.016562 0.009914 0.000000 -0.015289 0.993009 -0.117047 11.384800 -0.011783 0.116874 0.993077 -0.357600 0.000000 0.000000 0.000000 1.000000
0.998921 0.042709 0.018242 0.000000 -0.040006 0.990831 -0.129050 11.384800 -0.023586 0.128181 0.991470 -0.357600 0.000000 0.000000 0.000000 1.000000
0.997515 0.067182 0.021224 0.000000 -0.063631 0.988386 -0.138004 11.384800 -0.030249 0.136311 0.990204 -0.357600 0.000000 0.000000 0.000000 1.000000
0.996233 0.084712 0.018554 0.000000 -0.081152 0.986108 -0.144933 11.384800 -0.030574 0.142881 0.989267 -0.357600 0.000000 0.000000 0.000000 1.000000
0.995871 0.089683 0.014057 -0.000000 -0.086536 0.984669 -0.151453 11.384800 -0.027424 0.149611 0.988365 -0.357600 0.000000 0.000000 0.000000 1.000000
0.996077 0.087833 0.010771 0.000000 -0.085029 0.983704 -0.158417 11.384800 -0.024510 0.156879 0.987314 -0.357600 0.000000 0.000000 0.000000 1.000000
0.996043 0.088390 0.009206 0.000000 -0.085696 0.982757 -0.163845 11.384800 -0.023530 0.162408 0.986443 -0.357600 0.000000 0.000000 0.000000 1.000000
0.995408 0.095357 0.008400 0.000000 -0.092667 0.981879 -0.165306 11.384800 -0.024011 0.163769 0.986207 -0.357600 0.000000 0.000000 0.000000 1.000000
0.994562 0.103836 0.008076 0.000000 -0.101130 0.981355 -0.163450 11.384800 -0.024898 0.161744 0.986519 -0.357600 0.000000 0.000000 0.000000 1.000000
0.994089 0.108197 0.008986 -0.000000 -0.105341 0.981248 -0.161417 11.384800 -0.026283 0.159516 0.986845 -0.357600 0.000000 0.000000 0.000000 1.000000
0.994049 0.108310 0.011656 0.000000 -0.105034 0.981325 -0.161151 11.384800 -0.028892 0.158967 0.986861 -0.357600 0.000000 0.000000 0.000000 1.000000
0.994074 0.107600 0.015434 -0.000000 -0.103709 0.981344 -0.161887 11.384800 -0.032566 0.159327 0.986689 -0.357600 0.000000 0.000000 0.000000 1.000000
0.993948 0.108169 0.019154 -0.000000 -0.103669 0.981311 -0.162117 11.384800 -0.036332 0.159150 0.986586 -0.357600 0.000000 0.000000 0.000000 1.000000
0.993732 0.109529 0.022358 -0.000000 -0.104528 0.981324 -0.161487 11.384800 -0.039628 0.158138 0.986622 -0.357600 0.000000 0.000000 0.000000 1.000000
0.993542 0.110590 0.025371 -0.000000 -0.105142 0.981420 -0.160497 11.384800 -0.042649 0.156793 0.986710 -0.357600 0.000000 0.000000 0.000000 1.000000
0.993414 0.111013 0.028379 0.000000 -0.105142 0.981610 -0.159334 11.384800 -0.045545 0.155301 0.986817 -0.357600 0.000000 0.000000 0.000000 1.000000
0.993287 0.111480 0.030879 -0.000000 -0.105296 0.981861 -0.157678 11.384800 -0.047897 0.153368 0.987008 -0.357600 0.000000 0.000000 0.000000 1.000000
0.993108 0.112674 0.032272 0.000000 -0.106379 0.982118 -0.155328 11.384800 -0.049196 0.150825 0.987336 -0.357600 0.000000 0.000000 0.000000 1.000000
0.992868 0.114673 0.032591 -0.000000 -0.108447 0.982324 -0.152573 11.384800 -0.049511 0.147950 0.987755 -0.357600 0.000000 0.000000 0.000000 1.000000
0.992541 0.117502 0.032507 -0.000000 -0.111390 0.982399 -0.149947 11.384800 -0.049554 0.145207 0.988160 -0.357600 0.000000 0.000000 0.000000 1.000000
0.992099 0.121082 0.032846 0.000000 -0.114994 0.982310 -0.147794 11.384800 -0.050161 0.142849 0.988473 -0.357600 0.000000 0.000000 0.000000 1.000000
0.991532 0.125310 0.034072 0.000000 -0.119093 0.982072 -0.146124 11.384800 -0.051772 0.140829 0.988679 -0.357600 0.000000 0.000000 0.000000 1.000000
0.990989 0.128980 0.036121 -0.000000 -0.122517 0.981857 -0.144728 11.384800 -0.054133 0.138998 0.988812 -0.357600 0.000000 0.000000 0.000000 1.000000
0.990761 0.130010 0.038596 0.000000 -0.123269 0.981960 -0.143388 11.384800 -0.056542 0.137306 0.988914 -0.357600 0.000000 0.000000 0.000000 1.000000
0.991106 0.126546 0.041166 -0.000000 -0.119559 0.982605 -0.142104 11.384800 -0.058432 0.135919 0.988995 -0.357600 0.000000 0.000000 0.000000 1.000000
0.991911 0.119180 0.043688 0.000000 -0.111965 0.983626 -0.141225 11.384800 -0.059804 0.135192 0.989013 -0.357600 0.000000 0.000000 0.000000 1.000000
0.992928 0.109571 0.045694 0.000000 -0.102168 0.984702 -0.141153 11.384800 -0.060461 0.135486 0.988933 -0.357600 0.000000 0.000000 0.000000 1.000000
0.993847 0.100490 0.046572 0.000000 -0.092994 0.985497 -0.141945 11.384800 -0.060160 0.136741 0.988778 -0.357600 0.000000 0.000000 0.000000 1.000000
0.994500 0.093908 0.046375 -0.000000 -0.086419 0.985913 -0.143207 11.384800 -0.059170 0.138412 0.988606 -0.357600 0.000000 0.000000 0.000000 1.000000
0.994850 0.090288 0.046050 -0.000000 -0.082801 0.986038 -0.144472 11.384800 -0.058451 0.139915 0.988437 -0.357600 0.000000 0.000000 0.000000 1.000000
0.994977 0.088761 0.046282 -0.000000 -0.081192 0.986016 -0.145532 11.384800 -0.058552 0.141043 0.988270 -0.357600 0.000000 0.000000 0.000000 1.000000
0.995030 0.087863 0.046849 -0.000000 -0.080174 0.985981 -0.146336 11.384800 -0.059050 0.141853 0.988125 -0.357600 0.000000 0.000000 0.000000 1.000000
0.995105 0.086796 0.047260 -0.000000 -0.079030 0.986004 -0.146800 11.384800 -0.059340 0.142346 0.988037 -0.357600 0.000000 0.000000 0.000000 1.000000
0.995155 0.086041 0.047580 -0.000000 -0.078242 0.986079 -0.146721 11.384800 -0.059542 0.142287 0.988033 -0.357600 0.000000 0.000000 0.000000 1.000000
0.995110 0.086165 0.048295 0.000000 -0.078321 0.986214 -0.145766 11.384800 -0.060189 0.141271 0.988140 -0.357600 0.000000 0.000000 0.000000 1.000000
0.994968 0.087191 0.049358 -0.000000 -0.079313 0.986434 -0.143723 11.384800 -0.061219 0.139085 0.988386 -0.357600 0.000000 0.000000 0.000000 1.000000
0.994815 0.088511 0.050084 0.000000 -0.080709 0.986754 -0.140724 11.384800 -0.061876 0.135953 0.988781 -0.357600 0.000000 0.000000 0.000000 1.000000
0.994708 0.089729 0.050041 0.000000 -0.082145 0.987133 -0.137186 11.384800 -0.061707 0.132349 0.989280 -0.357600 0.000000 0.000000 0.000000 1.000000
0.994636 0.090735 0.049658 0.000000 -0.083416 0.987520 -0.133592 11.384800 -0.061159 0.128733 0.989792 -0.357600 0.000000 0.000000 0.000000 1.000000
0.994612 0.091021 0.049616 0.000000 -0.083901 0.987901 -0.130429 11.384800 -0.060887 0.125563 0.990215 -0.357600 0.000000 0.000000 0.000000 1.000000
0.994696 0.089928 0.049931 -0.000000 -0.082920 0.988293 -0.128068 11.384800 -0.060864 0.123249 0.990508 -0.357600 0.000000 0.000000 0.000000 1.000000
0.994901 0.087534 0.050096 -0.000000 -0.080625 0.988700 -0.126380 11.384800 -0.060592 0.121697 0.990716 -0.357600 0.000000 0.000000 0.000000 1.000000
0.995184 0.084339 0.049959 0.000000 -0.077570 0.989161 -0.124677 11.384800 -0.059932 0.120201 0.990939 -0.357600 0.000000 0.000000 0.000000 1.000000
0.995486 0.080779 0.049827 -0.000000 -0.074175 0.989688 -0.122540 11.384800 -0.059212 0.118291 0.991212 -0.357600 0.000000 0.000000 0.000000 1.000000
0.995795 0.076947 0.049724 0.000000 -0.070501 0.990212 -0.120459 11.384800 -0.058506 0.116447 0.991472 -0.357600 0.000000 0.000000 0.000000 1.000000
0.996120 0.072933 0.049259 0.000000 -0.066639 0.990635 -0.119171 11.384800 -0.057490 0.115426 0.991651 -0.357600 0.000000 0.000000 0.000000 1.000000
0.996454 0.068919 0.048268 0.000000 -0.062785 0.990938 -0.118743 11.384800 -0.056014 0.115291 0.991751 -0.357600 0.000000 0.000000 0.000000 1.000000
