<?xml version="1.0" encoding="utf-8"?>
<COLLADA xmlns="http://www.collada.org/2005/11/COLLADASchema" version="1.4.1">
  <asset>
    <contributor>
      <author>Mixamo</author>
      <authoring_tool>COLLADA Mixamo exporter</authoring_tool>
      <comments/>
    </contributor>
    <created>2024-04-19T23:01:53Z</created>
    <modified>2024-04-19T23:01:53Z</modified>
    <revision/>
    <title/>
    <unit meter="0.010000"/>
    <up_axis>Y_UP</up_axis>
  </asset>
  <library_animations>
    <animation id="mixamorig_Hips-anim" name="mixamorig_Hips">
      <source id="mixamorig_Hips-Matrix-animation-input">
        <float_array id="mixamorig_Hips-Matrix-animation-input-array" count="90">

0.000000 0.033333 0.066667 0.100000 0.133333 0.166667 0.200000 0.233333 0.266667 0.300000 0.333333 0.366667 0.400000 0.433333 0.466667 0.500000
0.533333 0.566667 0.600000 0.633333 0.666667 0.700000 0.733333 0.766667 0.800000 0.833333 0.866667 0.900000 0.933333 0.966667 1.000000 1.033333
1.066667 1.100000 1.133333 1.166667 1.200000 1.233333 1.266667 1.300000 1.333333 1.366667 1.400000 1.433333 1.466667 1.500000 1.533333 1.566667
1.600000 1.633333 1.666667 1.700000 1.733333 1.766667 1.800000 1.833333 1.866667 1.900000 1.933333 1.966667 2.000000 2.033333 2.066667 2.100000
2.133333 2.166667 2.200000 2.233333 2.266667 2.300000 2.333333 2.366667 2.400000 2.433333 2.466667 2.500000 2.533333 2.566667 2.600000 2.633333
2.666667 2.700000 2.733333 2.766667 2.800000 2.833333 2.866667 2.900000 2.933333 2.966667</float_array>
        <technique_common>
          <accessor source="#mixamorig_Hips-Matrix-animation-input-array" count="90">
            <param name="TIME" type="float"/>
          </accessor>
        </technique_common>
      </source>
      <source id="mixamorig_Hips-Matrix-animation-output-transform">
        <float_array id="mixamorig_Hips-Matrix-animation-output-transform-array" count="1440">

0.945875 -0.005036 -0.324492 1.004111 -0.060848 0.979396 -0.192566 93.998779 0.318776 0.201888 0.926079 -2.183733 0.000000 0.000000 0.000000 1.000000
0.958066 0.010340 -0.286361 0.748506 -0.041909 0.993659 -0.104332 94.263885 0.283466 0.111958 0.952424 -1.003776 0.000000 0.000000 0.000000 1.000000
0.975208 0.021773 -0.220214 0.412888 -0.010582 0.998598 0.051871 94.690910 0.221035 -0.048254 0.974071 0.907192 0.000000 0.000000 0.000000 1.000000
0.990872 0.017193 -0.133706 0.060111 0.010679 0.978706 0.204990 94.938538 0.134384 -0.204546 0.969588 3.040195 0.000000 0.000000 0.000000 1.000000
0.998591 0.009344 -0.052234 -0.302263 0.007179 0.951536 0.307454 94.963860 0.052575 -0.307396 0.950128 5.025226 0.000000 0.000000 0.000000 1.000000
0.999947 -0.000648 0.010232 -0.647802 -0.003167 0.929655 0.368417 94.946335 -0.009751 -0.368430 0.929604 6.806190 0.000000 0.000000 0.000000 1.000000
0.997896 -0.018936 0.062008 -0.908328 -0.007976 0.913281 0.407251 94.963661 -0.064343 -0.406889 0.911209 8.281749 0.000000 0.000000 0.000000 1.000000
0.992366 -0.037087 0.117616 -1.174590 -0.017831 0.900540 0.434407 94.845230 -0.122029 -0.433188 0.893005 9.242540 0.000000 0.000000 0.000000 1.000000
0.982191 -0.047992 0.181650 -1.554273 -0.040368 0.890342 0.453499 94.366585 -0.183495 -0.452756 0.872549 9.577994 0.000000 0.000000 0.000000 1.000000
0.965596 -0.057095 0.253703 -2.025576 -0.071739 0.879258 0.470913 93.471680 -0.249957 -0.472912 0.844911 9.364224 0.000000 0.000000 0.000000 1.000000
0.943715 -0.070756 0.323103 -2.549182 -0.102692 0.865899 0.489565 92.243980 -0.314415 -0.495190 0.809895 8.695883 0.000000 0.000000 0.000000 1.000000
0.926356 -0.090036 0.365730 -3.024663 -0.115777 0.855929 0.503966 90.839951 -0.358414 -0.509195 0.782471 7.644954 0.000000 0.000000 0.000000 1.000000
0.921346 -0.115675 0.371135 -3.229650 -0.099404 0.852861 0.512588 89.073990 -0.375820 -0.509163 0.774282 6.084538 0.000000 0.000000 0.000000 1.000000
0.927914 -0.143969 0.343873 -3.004735 -0.061842 0.850194 0.522825 87.327576 -0.367629 -0.506402 0.780004 3.866718 0.000000 0.000000 0.000000 1.000000
0.936704 -0.166804 0.307835 -2.540445 -0.023561 0.847196 0.530757 85.997101 -0.349329 -0.504415 0.789642 1.130209 0.000000 0.000000 0.000000 1.000000
0.940770 -0.180334 0.287108 -2.041715 0.002325 0.850226 0.526413 85.079475 -0.339037 -0.494566 0.800287 -1.952188 0.000000 0.000000 0.000000 1.000000
0.942832 -0.187710 0.275376 -1.525616 0.021019 0.858140 0.512985 84.319855 -0.332604 -0.477870 0.813028 -5.367066 0.000000 0.000000 0.000000 1.000000
0.946951 -0.190936 0.258511 -0.936088 0.037983 0.865235 0.499925 83.616043 -0.319127 -0.463585 0.826587 -9.161948 0.000000 0.000000 0.000000 1.000000
0.954884 -0.187727 0.230121 -0.391927 0.054434 0.872378 0.485792 82.911392 -0.291949 -0.451349 0.843238 -13.308722 0.000000 0.000000 0.000000 1.000000
0.962047 -0.186851 0.198875 -0.093105 0.073733 0.879679 0.469817 82.163162 -0.262732 -0.437322 0.860070 -17.483181 0.000000 0.000000 0.000000 1.000000
0.965481 -0.194643 0.173089 -0.036065 0.096115 0.883850 0.457788 81.315620 -0.242090 -0.425350 0.872049 -21.333151 0.000000 0.000000 0.000000 1.000000
0.968183 -0.196769 0.154606 -0.069104 0.109002 0.887745 0.447244 80.504791 -0.225254 -0.416162 0.880948 -24.888287 0.000000 0.000000 0.000000 1.000000
0.974295 -0.173940 0.143161 0.024665 0.097180 0.897828 0.429488 79.760620 -0.203239 -0.404536 0.891653 -28.247532 0.000000 0.000000 0.000000 1.000000
0.983334 -0.121332 0.135402 0.226093 0.057000 0.912931 0.404114 78.975266 -0.172645 -0.389661 0.904632 -31.700176 0.000000 0.000000 0.000000 1.000000
0.988092 -0.056804 0.142993 0.352785 -0.000881 0.927252 0.374438 78.123764 -0.153861 -0.370105 0.916160 -35.787064 0.000000 0.000000 0.000000 1.000000
0.982196 -0.004429 0.187809 0.383166 -0.057595 0.944480 0.323481 77.518463 -0.178815 -0.328539 0.927409 -40.647079 0.000000 0.000000 0.000000 1.000000
0.969803 0.036311 0.241170 0.219245 -0.100561 0.960418 0.259780 76.974380 -0.222191 -0.276188 0.935068 -46.342270 0.000000 0.000000 0.000000 1.000000
0.970266 0.067957 0.232303 -0.496732 -0.124647 0.963010 0.238902 77.391411 -0.207475 -0.260754 0.942847 -51.887211 0.000000 0.000000 0.000000 1.000000
0.984324 0.092405 0.150226 -0.769379 -0.127886 0.960506 0.247132 78.619537 -0.121457 -0.262470 0.957266 -56.705120 0.000000 0.000000 0.000000 1.000000
0.992411 0.114515 0.044796 -0.528273 -0.121978 0.962851 0.240912 79.861519 -0.015544 -0.244548 0.969513 -60.606506 0.000000 0.000000 0.000000 1.000000
0.990571 0.130893 -0.040456 -0.259751 -0.117537 0.963652 0.239917 80.320618 0.070389 -0.232900 0.969950 -63.727570 0.000000 0.000000 0.000000 1.000000
0.986030 0.136695 -0.095177 -0.368741 -0.107540 0.958801 0.262936 80.275917 0.127198 -0.249028 0.960107 -66.151299 0.000000 0.000000 0.000000 1.000000
0.981907 0.137605 -0.130089 -0.753116 -0.093749 0.950135 0.297415 80.060272 0.164528 -0.279838 0.945844 -68.077835 0.000000 0.000000 0.000000 1.000000
0.977379 0.143683 -0.155194 -1.193881 -0.085176 0.939073 0.332998 79.478722 0.193585 -0.312246 0.930068 -69.543747 0.000000 0.000000 0.000000 1.000000
0.973609 0.148954 -0.172911 -1.660131 -0.077385 0.928223 0.363887 78.761276 0.214702 -0.340903 0.915253 -70.490723 0.000000 0.000000 0.000000 1.000000
0.972000 0.130494 -0.195418 -2.332022 -0.047816 0.924068 0.379225 78.010910 0.230066 -0.359263 0.904433 -70.715996 0.000000 0.000000 0.000000 1.000000
0.965747 0.099212 -0.239771 -3.230345 0.002777 0.920017 0.391870 76.723938 0.259471 -0.379113 0.888228 -70.996162 0.000000 0.000000 0.000000 1.000000
0.953041 0.117607 -0.279072 -2.923526 0.021157 0.893406 0.448752 76.382858 0.302101 -0.433583 0.848964 -71.749092 0.000000 0.000000 0.000000 1.000000
0.948938 0.171716 -0.264632 -2.569726 -0.001707 0.841653 0.540016 76.070564 0.315457 -0.511990 0.798970 -72.140839 0.000000 0.000000 0.000000 1.000000
0.959130 0.182979 -0.215843 -2.588866 -0.017843 0.800378 0.599230 76.017776 0.282403 -0.570888 0.770932 -72.250778 0.000000 0.000000 0.000000 1.000000
0.970255 0.150696 -0.189460 -2.946741 -0.003829 0.792078 0.610408 75.463455 0.242053 -0.591526 0.769095 -72.336205 0.000000 0.000000 0.000000 1.000000
0.971877 0.134585 -0.193238 -3.003769 0.018447 0.774555 0.632237 74.650642 0.234764 -0.618022 0.750290 -72.699860 0.000000 0.000000 0.000000 1.000000
0.966282 0.149898 -0.209356 -2.807187 0.035802 0.726960 0.685746 73.437836 0.254986 -0.670119 0.697081 -73.405785 0.000000 0.000000 0.000000 1.000000
0.961708 0.158254 -0.223772 -2.752759 0.058958 0.677890 0.732795 71.833351 0.267660 -0.717928 0.642602 -74.378479 0.000000 0.000000 0.000000 1.000000
0.961382 0.148863 -0.231483 -3.006939 0.085257 0.638631 0.764776 69.726189 0.261679 -0.754977 0.601277 -75.587494 0.000000 0.000000 0.000000 1.000000
0.960124 0.143575 -0.239891 -3.378500 0.111213 0.591105 0.798891 66.979424 0.256502 -0.793713 0.551567 -77.075195 0.000000 0.000000 0.000000 1.000000
0.953247 0.153444 -0.260336 -3.730210 0.141141 0.535683 0.832540 63.480808 0.267206 -0.830360 0.488981 -78.858032 0.000000 0.000000 0.000000 1.000000
0.939533 0.172561 -0.295806 -4.130987 0.181003 0.483044 0.856683 59.176487 0.290717 -0.858424 0.422602 -80.855446 0.000000 0.000000 0.000000 1.000000
0.919065 0.195467 -0.342217 -4.691143 0.230939 0.436525 0.869548 54.094170 0.319354 -0.878202 0.356053 -82.972290 0.000000 0.000000 0.000000 1.000000
0.894837 0.221644 -0.387480 -5.430549 0.281596 0.393242 0.875251 48.253277 0.346368 -0.892320 0.289473 -85.171158 0.000000 0.000000 0.000000 1.000000
0.869086 0.255889 -0.423332 -6.212667 0.326625 0.345850 0.879604 41.710289 0.371491 -0.902723 0.216994 -87.409866 0.000000 0.000000 0.000000 1.000000
0.845873 0.299915 -0.441079 -6.901673 0.360537 0.287927 0.887193 34.464066 0.393081 -0.909477 0.135419 -89.521042 0.000000 0.000000 0.000000 1.000000
0.826574 0.344638 -0.444971 -7.691908 0.389799 0.219759 0.894295 26.297073 0.405994 -0.912650 0.047308 -91.345772 0.000000 0.000000 0.000000 1.000000
0.806505 0.379091 -0.453695 -8.849958 0.438124 0.132050 0.889162 17.614662 0.396984 -0.915889 -0.059590 -93.084808 0.000000 0.000000 0.000000 1.000000
0.798343 0.405342 -0.445361 -10.049397 0.483366 0.009771 0.875364 11.408262 0.359173 -0.914113 -0.188129 -94.486938 0.000000 0.000000 0.000000 1.000000
0.812279 0.425506 -0.398933 -10.945440 0.475005 -0.085663 0.875804 11.115026 0.338486 -0.900892 -0.271700 -95.623116 0.000000 0.000000 0.000000 1.000000
0.807084 0.445803 -0.387137 -12.394022 0.473927 -0.098072 0.875086 14.018612 0.352148 -0.889742 -0.290431 -97.241661 0.000000 0.000000 0.000000 1.000000
0.755862 0.464949 -0.460972 -13.773922 0.558271 -0.089851 0.824779 16.259460 0.342062 -0.880766 -0.327483 -99.287239 0.000000 0.000000 0.000000 1.000000
0.688355 0.488455 -0.536264 -14.089612 0.654652 -0.099931 0.749296 17.720327 0.312408 -0.866848 -0.388556 -101.487274 0.000000 0.000000 0.000000 1.000000
0.649067 0.508298 -0.565990 -13.860512 0.695481 -0.095015 0.712235 18.830982 0.308250 -0.855924 -0.415183 -103.691887 0.000000 0.000000 0.000000 1.000000
0.638173 0.519992 -0.567754 -13.718770 0.695404 -0.072871 0.714915 19.192482 0.330377 -0.851057 -0.408108 -105.219055 0.000000 0.000000 0.000000 1.000000
0.648049 0.537588 -0.539473 -14.080121 0.671893 -0.070035 0.737330 19.009663 0.358598 -0.840294 -0.406588 -105.832481 0.000000 0.000000 0.000000 1.000000
0.668975 0.553933 -0.495611 -14.273246 0.640064 -0.090334 0.762992 18.407787 0.377876 -0.827646 -0.414984 -106.188744 0.000000 0.000000 0.000000 1.000000
0.689134 0.564567 -0.454266 -14.242651 0.611130 -0.115953 0.782991 17.343845 0.389378 -0.817202 -0.424931 -106.166245 0.000000 0.000000 0.000000 1.000000
0.710044 0.573298 -0.408860 -14.124599 0.573611 -0.134137 0.808070 16.035873 0.408422 -0.808292 -0.424094 -105.775146 0.000000 0.000000 0.000000 1.000000
0.728605 0.581837 -0.361387 -13.967070 0.524895 -0.135355 0.840336 15.015008 0.440023 -0.801963 -0.404023 -105.218262 0.000000 0.000000 0.000000 1.000000
0.733557 0.593741 -0.330704 -13.738167 0.486323 -0.118673 0.865683 14.656002 0.474746 -0.795857 -0.375803 -104.666885 0.000000 0.000000 0.000000 1.000000
0.727573 0.606574 -0.320477 -13.405508 0.466967 -0.095662 0.879085 14.764763 0.502573 -0.789250 -0.352851 -104.229836 0.000000 0.000000 0.000000 1.000000
0.717583 0.617019 -0.323052 -13.187057 0.462616 -0.075529 0.883336 14.950247 0.520635 -0.783316 -0.339641 -103.725777 0.000000 0.000000 0.000000 1.000000
0.703740 0.626407 -0.335208 -13.190548 0.469726 -0.056259 0.881018 15.198450 0.533017 -0.777464 -0.333831 -103.272491 0.000000 0.000000 0.000000 1.000000
0.685974 0.635190 -0.354928 -13.407555 0.483609 -0.033547 0.874641 15.504469 0.543657 -0.771627 -0.330195 -103.065384 0.000000 0.000000 0.000000 1.000000
0.667465 0.641933 -0.377376 -13.661055 0.498475 -0.008696 0.866860 15.743093 0.553184 -0.766711 -0.325792 -102.954285 0.000000 0.000000 0.000000 1.000000
0.651272 0.647212 -0.396184 -13.883613 0.511227 0.011619 0.859367 15.864763 0.560796 -0.762221 -0.323305 -102.899635 0.000000 0.000000 0.000000 1.000000
0.638137 0.652586 -0.408548 -14.186829 0.522753 0.022331 0.852191 15.893679 0.565252 -0.757385 -0.326892 -102.908447 0.000000 0.000000 0.000000 1.000000
0.628255 0.657359 -0.416143 -14.536633 0.533823 0.024887 0.845230 15.859574 0.565976 -0.753167 -0.335278 -102.960930 0.000000 0.000000 0.000000 1.000000
0.622359 0.659903 -0.420948 -14.820364 0.543291 0.022958 0.839230 15.805310 0.563474 -0.751000 -0.344231 -103.060806 0.000000 0.000000 0.000000 1.000000
0.621018 0.660286 -0.422326 -14.970160 0.549666 0.017231 0.835207 15.765243 0.558752 -0.750817 -0.352236 -103.193077 0.000000 0.000000 0.000000 1.000000
0.624287 0.659042 -0.419439 -14.983547 0.551860 0.007967 0.833899 15.745008 0.552916 -0.752064 -0.358725 -103.311485 0.000000 0.000000 0.000000 1.000000
0.630660 0.656831 -0.413330 -14.854841 0.549896 -0.002393 0.835230 15.723635 0.547615 -0.754034 -0.362698 -103.393112 0.000000 0.000000 0.000000 1.000000
0.638266 0.654355 -0.405507 -14.575524 0.544686 -0.011635 0.838559 15.666732 0.543998 -0.756098 -0.363844 -103.437637 0.000000 0.000000 0.000000 1.000000
0.646958 0.651322 -0.396516 -14.214905 0.536638 -0.019477 0.843588 15.559010 0.541725 -0.758551 -0.362125 -103.445007 0.000000 0.000000 0.000000 1.000000
0.656769 0.647817 -0.385989 -13.911760 0.525978 -0.026745 0.850077 15.423791 0.540371 -0.761327 -0.358302 -103.409348 0.000000 0.000000 0.000000 1.000000
0.665948 0.644980 -0.374853 -13.702585 0.514566 -0.033334 0.856802 15.307100 0.540125 -0.763472 -0.354084 -103.345154 0.000000 0.000000 0.000000 1.000000
0.672612 0.643514 -0.365354 -13.524183 0.504933 -0.038187 0.862313 15.249496 0.540958 -0.764482 -0.350617 -103.283760 0.000000 0.000000 0.000000 1.000000
0.676072 0.643067 -0.359710 -13.392395 0.498955 -0.040326 0.865689 15.231481 0.542190 -0.764748 -0.348125 -103.240883 0.000000 0.000000 0.000000 1.000000
0.676108 0.643416 -0.359019 -13.342587 0.497666 -0.039472 0.866470 15.237701 0.543330 -0.764499 -0.346893 -103.222290 0.000000 0.000000 0.000000 1.000000
0.672905 0.644720 -0.362678 -13.370045 0.500723 -0.036101 0.864854 15.259132 0.544495 -0.763566 -0.347119 -103.232307 0.000000 0.000000 0.000000 1.000000
0.667456 0.646856 -0.368890 -13.455431 0.506533 -0.031280 0.861653 15.287739 0.545826 -0.761970 -0.348532 -103.268417 0.000000 0.000000 0.000000 1.000000
0.660993 0.649336 -0.376100 -13.579216 0.513411 -0.025810 0.857755 15.319242 0.547263 -0.760064 -0.350437 -103.318077 0.000000 0.000000 0.000000 1.000000
0.654476 0.651685 -0.383363 -13.718005 0.520191 -0.020152 0.853812 15.349938 0.548691 -0.758222 -0.352190 -103.367874 0.000000 0.000000 0.000000 1.000000</float_array>
        <technique_common>
          <accessor source="#mixamorig_Hips-Matrix-animation-output-transform-array" count="90" stride="16">
            <param type="float4x4"/>
          </accessor>
        </technique_common>
      </source>
      <source id="mixamorig_Hips-Interpolations">
        <Name_array id="mixamorig_Hips-Interpolations-array" count="90">
 LINEAR LINEAR LINEAR LINEAR LINEAR LINEAR LINEAR LINEAR LINEAR LINEAR LINEAR
LINEAR LINEAR LINEAR LINEAR LINEAR LINEAR LINEAR LINEAR LINEAR LINEAR LINEAR LINEAR
LINEAR LINEAR LINEAR LINEAR LINEAR LINEAR LINEAR LINEAR LINEAR LINEAR LINEAR LINEAR
LINEAR LINEAR LINEAR LINEAR LINEAR LINEAR LINEAR LINEAR LINEAR LINEAR LINEAR LINEAR
LINEAR LINEAR LINEAR LINEAR LINEAR LINEAR LINEAR LINEAR LINEAR LINEAR LINEAR LINEAR
LINEAR LINEAR LINEAR LINEAR LINEAR LINEAR LINEAR LINEAR LINEAR LINEAR LINEAR LINEAR
LINEAR LINEAR LINEAR LINEAR LINEAR LINEAR LINEAR LINEAR LINEAR LINEAR LINEAR LINEAR
LINEAR LINEAR LINEAR LINEAR LINEAR LINEAR LINEAR</Name_array>
        <technique_common>
          <accessor source="#mixamorig_Hips-Interpolations-array" count="90">
            <param type="name"/>
          </accessor>
        </technique_common>
      </source>
      <sampler id="mixamorig_Hips-Matrix-animation-transform">
        <input semantic="INPUT" source="#mixamorig_Hips-Matrix-animation-input"/>
        <input semantic="OUTPUT" source="#mixamorig_Hips-Matrix-animation-output-transform"/>
        <input semantic="INTERPOLATION" source="#mixamorig_Hips-Interpolations"/>
      </sampler>
      <channel source="#mixamorig_Hips-Matrix-animation-transform" target="mixamorig_Hips/matrix"/>
    </animation>
    <animation id="mixamorig_Spine-anim" name="mixamorig_Spine">
      <source id="mixamorig_Spine-Matrix-animation-input">
        <float_array id="mixamorig_Spine-Matrix-animation-input-array" count="90">

0.000000 0.033333 0.066667 0.100000 0.133333 0.166667 0.200000 0.233333 0.266667 0.300000 0.333333 0.366667 0.400000 0.433333 0.466667 0.500000
0.533333 0.566667 0.600000 0.633333 0.666667 0.700000 0.733333 0.766667 0.800000 0.833333 0.866667 0.900000 0.933333 0.966667 1.000000 1.033333
1.066667 1.100000 1.133333 1.166667 1.200000 1.233333 1.266667 1.300000 1.333333 1.366667 1.400000 1.433333 1.466667 1.500000 1.533333 1.566667
1.600000 1.633333 1.666667 1.700000 1.733333 1.766667 1.800000 1.833333 1.866667 1.900000 1.933333 1.966667 2.000000 2.033333 2.066667 2.100000
2.133333 2.166667 2.200000 2.233333 2.266667 2.300000 2.333333 2.366667 2.400000 2.433333 2.466667 2.500000 2.533333 2.566667 2.600000 2.633333
2.666667 2.700000 2.733333 2.766667 2.800000 2.833333 2.866667 2.900000 2.933333 2.966667</float_array>
        <technique_common>
          <accessor source="#mixamorig_Spine-Matrix-animation-input-array" count="90">
            <param name="TIME" type="float"/>
          </accessor>
        </technique_common>
      </source>
      <source id="mixamorig_Spine-Matrix-animation-output-transform">
        <float_array id="mixamorig_Spine-Matrix-animation-output-transform-array" count="1440">

0.999409 -0.032887 -0.009957 0.000000 0.032438 0.998579 -0.042282 11.384800 0.011334 0.041934 0.999056 -0.357600 0.000000 0.000000 0.000000 1.000000
0.999565 -0.028073 -0.009001 -0.000000 0.027983 0.999559 -0.009973 11.384800 0.009277 0.009717 0.999910 -0.357600 0.000000 0.000000 0.000000 1.000000
0.999669 -0.021375 -0.014333 0.000000 0.021537 0.999705 0.011216 11.384800 0.014089 -0.011521 0.999834 -0.357600 0.000000 0.000000 0.000000 1.000000
0.999656 -0.013642 -0.022422 0.000000 0.014307 0.999455 0.029764 11.384800 0.022004 -0.030074 0.999305 -0.357600 0.000000 0.000000 0.000000 1.000000
0.999809 -0.009275 -0.017227 0.000000 0.010261 0.998259 0.058085 11.384800 0.016658 -0.058251 0.998163 -0.357600 0.000000 0.000000 0.000000 1.000000
0.999886 -0.005428 0.014093 0.000000 0.004112 0.995776 0.091721 11.384800 -0.014531 -0.091652 0.995685 -0.357600 0.000000 0.000000 0.000000 1.000000
0.997579 0.007621 0.069117 0.000000 -0.015680 0.993028 0.116829 11.384800 -0.067745 -0.117630 0.990744 -0.357600 0.000000 0.000000 0.000000 1.000000
0.990655 0.033780 0.132146 0.000000 -0.051039 0.990267 0.129487 11.384800 -0.126486 -0.135021 0.982736 -0.357600 0.000000 0.000000 0.000000 1.000000
0.980934 0.066686 0.182539 0.000000 -0.092263 0.986483 0.135421 11.384800 -0.171041 -0.149681 0.973828 -0.357600 0.000000 0.000000 0.000000 1.000000
0.973583 0.097326 0.206553 0.000000 -0.127462 0.982198 0.137988 11.384800 -0.189446 -0.160671 0.968656 -0.357600 0.000000 0.000000 0.000000 1.000000
0.971007 0.120122 0.206678 0.000000 -0.150318 0.979075 0.137175 11.384800 -0.185876 -0.164265 0.968745 -0.357600 0.000000 0.000000 0.000000 1.000000
0.972609 0.129670 0.192918 0.000000 -0.156980 0.978507 0.133722 11.384800 -0.171432 -0.160343 0.972060 -0.357600 0.000000 0.000000 0.000000 1.000000
0.978257 0.119226 0.169703 0.000000 -0.141024 0.982364 0.122773 11.384800 -0.152072 -0.144035 0.977818 -0.357600 0.000000 0.000000 0.000000 1.000000
0.985916 0.088013 0.142209 -0.000000 -0.102295 0.990068 0.096444 11.384800 -0.132308 -0.109633 0.985127 -0.357600 0.000000 0.000000 0.000000 1.000000
0.991087 0.048603 0.124032 -0.000000 -0.056166 0.996722 0.058222 11.384800 -0.120796 -0.064669 0.990569 -0.357600 0.000000 0.000000 0.000000 1.000000
0.992429 0.014692 0.121940 0.000000 -0.017204 0.999660 0.019580 11.384800 -0.121611 -0.021530 0.992344 -0.357600 0.000000 0.000000 0.000000 1.000000
0.991921 -0.014507 0.126023 0.000000 0.017093 0.999665 -0.019461 11.384800 -0.125698 0.021458 0.991836 -0.357600 0.000000 0.000000 0.000000 1.000000
0.990995 -0.046581 0.125532 0.000000 0.055237 0.996264 -0.066379 11.384800 -0.121971 0.072715 0.989866 -0.357600 0.000000 0.000000 0.000000 1.000000
0.989536 -0.070632 0.125817 -0.000000 0.085615 0.989321 -0.117958 11.384800 -0.116142 0.127496 0.985016 -0.357600 0.000000 0.000000 0.000000 1.000000
0.989135 -0.062902 0.132874 0.000000 0.084258 0.983225 -0.161772 11.384800 -0.120469 0.171210 0.977842 -0.357600 0.000000 0.000000 0.000000 1.000000
0.989914 -0.020322 0.140206 -0.000000 0.046724 0.981117 -0.187687 11.384800 -0.133744 0.192345 0.972171 -0.357600 0.000000 0.000000 0.000000 1.000000
0.990196 0.028597 0.136726 -0.000000 -0.002566 0.982379 -0.186884 11.384800 -0.139661 0.184701 0.972821 -0.357600 0.000000 0.000000 0.000000 1.000000
0.992103 0.051756 0.114248 0.000000 -0.033233 0.986808 -0.158446 11.384800 -0.120942 0.153398 0.980736 -0.357600 0.000000 0.000000 0.000000 1.000000
0.996773 0.046543 0.065403 -0.000000 -0.038237 0.991674 -0.122963 11.384800 -0.070582 0.120066 0.990254 -0.357600 0.000000 0.000000 0.000000 1.000000
0.999283 0.035145 -0.014093 0.000000 -0.036415 0.993989 -0.103248 11.384800 0.010380 0.103687 0.994556 -0.357600 0.000000 0.000000 0.000000 1.000000
0.993146 0.035899 -0.111234 0.000000 -0.048091 0.992884 -0.108939 11.384800 0.106532 0.113542 0.987805 -0.357600 0.000000 0.000000 0.000000 1.000000
0.981863 0.052200 -0.182263 0.000000 -0.080654 0.985026 -0.152379 11.384800 0.171579 0.164316 0.971371 -0.357600 0.000000 0.000000 0.000000 1.000000
0.978216 0.084002 -0.189835 0.000000 -0.127121 0.965354 -0.227887 11.384800 0.164115 0.247054 0.955003 -0.357600 0.000000 0.000000 0.000000 1.000000
0.979621 0.126632 -0.155905 0.000000 -0.168058 0.941855 -0.290973 11.384800 0.109994 0.311244 0.943943 -0.357600 0.000000 0.000000 0.000000 1.000000
0.980056 0.152837 -0.127008 0.000000 -0.185889 0.931035 -0.314038 11.384800 0.070252 0.331384 0.940877 -0.357600 0.000000 0.000000 0.000000 1.000000
0.982012 0.152393 -0.111481 0.000000 -0.180763 0.929370 -0.321864 11.384800 0.054557 0.336226 0.940200 -0.357600 0.000000 0.000000 0.000000 1.000000
0.985606 0.142174 -0.091469 0.000000 -0.164857 0.928134 -0.333750 11.384800 0.037445 0.344025 0.938213 -0.357600 0.000000 0.000000 0.000000 1.000000
0.989955 0.123152 -0.069440 0.000000 -0.139429 0.931744 -0.335280 11.384800 0.023410 0.341594 0.939556 -0.357600 0.000000 0.000000 0.000000 1.000000
0.994448 0.082371 -0.065482 0.000000 -0.098818 0.944899 -0.312093 11.384800 0.036166 0.316831 0.947792 -0.357600 0.000000 0.000000 0.000000 1.000000
0.995763 0.036348 -0.084466 0.000000 -0.056876 0.965231 -0.255135 11.384800 0.072256 0.258858 0.963209 -0.357600 0.000000 0.000000 0.000000 1.000000
0.994267 0.022461 -0.104537 0.000000 -0.039520 0.985652 -0.164100 11.384800 0.099351 0.167290 0.980889 -0.357600 0.000000 0.000000 0.000000 1.000000
0.993977 0.024694 -0.106767 -0.000000 -0.034036 0.995663 -0.086585 11.384800 0.104166 0.089697 0.990507 -0.357600 0.000000 0.000000 0.000000 1.000000
0.992590 -0.011253 -0.120992 -0.000000 0.002162 0.997180 -0.075010 11.384800 0.121495 0.074193 0.989815 -0.357600 0.000000 0.000000 0.000000 1.000000
0.982193 -0.072106 -0.173486 -0.000000 0.056558 0.994062 -0.092957 11.384800 0.179159 0.081489 0.980439 -0.357600 0.000000 0.000000 0.000000 1.000000
0.965265 -0.094302 -0.243660 0.000000 0.082558 0.994898 -0.057992 11.384800 0.247886 0.035862 0.968125 -0.357600 0.000000 0.000000 0.000000 1.000000
0.953410 -0.069137 -0.293650 0.000000 0.082300 0.996071 0.032695 11.384800 0.290236 -0.055339 0.955354 -0.357600 0.000000 0.000000 0.000000 1.000000
0.946181 -0.056645 -0.318642 -0.000000 0.092238 0.990929 0.097737 11.384800 0.310215 -0.121868 0.942823 -0.357600 0.000000 0.000000 0.000000 1.000000
0.938889 -0.074040 -0.336163 0.000000 0.117621 0.986817 0.111165 11.384800 0.323500 -0.143912 0.935220 -0.357600 0.000000 0.000000 0.000000 1.000000
0.933872 -0.084173 -0.347559 0.000000 0.134940 0.983000 0.124511 11.384800 0.331170 -0.163177 0.929354 -0.357600 0.000000 0.000000 0.000000 1.000000
0.933832 -0.070357 -0.350724 0.000000 0.133998 0.977880 0.160612 11.384800 0.331665 -0.196980 0.922603 -0.357600 0.000000 0.000000 0.000000 1.000000
0.936833 -0.052871 -0.345758 0.000000 0.125272 0.973654 0.190539 11.384800 0.326574 -0.221817 0.918775 -0.357600 0.000000 0.000000 0.000000 1.000000
0.941328 -0.047859 -0.334083 0.000000 0.119948 0.972707 0.198627 11.384800 0.315459 -0.227046 0.921377 -0.357600 0.000000 0.000000 0.000000 1.000000
0.947441 -0.051242 -0.315800 -0.000000 0.118639 0.972985 0.198054 11.384800 0.297120 -0.225110 0.927925 -0.357600 0.000000 0.000000 0.000000 1.000000
0.954299 -0.054936 -0.293759 -0.000000 0.117406 0.972845 0.199471 11.384800 0.274824 -0.224845 0.934835 -0.357600 0.000000 0.000000 0.000000 1.000000
0.960362 -0.058064 -0.272640 -0.000000 0.115327 0.973196 0.198972 11.384800 0.253779 -0.222528 0.941317 -0.357600 0.000000 0.000000 0.000000 1.000000
0.966069 -0.065060 -0.249956 0.000000 0.113735 0.976034 0.185532 11.384800 0.231895 -0.207665 0.950316 -0.357600 0.000000 0.000000 0.000000 1.000000
0.973106 -0.075150 -0.217756 -0.000000 0.109588 0.982493 0.150659 11.384800 0.202622 -0.170470 0.964305 -0.357600 0.000000 0.000000 0.000000 1.000000
0.981358 -0.076051 -0.176503 0.000000 0.093448 0.991324 0.092436 11.384800 0.167942 -0.107206 0.979950 -0.357600 0.000000 0.000000 0.000000 1.000000
0.989693 -0.061607 -0.129276 -0.000000 0.063372 0.997944 0.009579 11.384800 0.128420 -0.017673 0.991562 -0.357600 0.000000 0.000000 0.000000 1.000000
0.997412 -0.044471 -0.056503 0.000000 0.039602 0.995633 -0.084537 11.384800 0.060016 0.082080 0.994817 -0.357600 0.000000 0.000000 0.000000 1.000000
0.998627 -0.019714 0.048543 0.000000 0.026181 0.990305 -0.136422 11.384800 -0.045382 0.137505 0.989461 -0.357600 0.000000 0.000000 0.000000 1.000000
0.990870 0.018112 0.133596 0.000000 -0.003952 0.994411 -0.105500 11.384800 -0.134761 0.104009 0.985404 -0.357600 0.000000 0.000000 0.000000 1.000000
0.983442 0.045087 0.175525 0.000000 -0.040494 0.998739 -0.029668 11.384800 -0.176641 0.022069 0.984028 -0.357600 0.000000 0.000000 0.000000 1.000000
0.977775 0.032042 0.207193 -0.000000 -0.039773 0.998655 0.033256 11.384800 -0.205849 -0.040758 0.977735 -0.357600 0.000000 0.000000 0.000000 1.000000
0.972079 -0.008951 0.234483 0.000000 -0.008003 0.997426 0.071253 11.384800 -0.234517 -0.071140 0.969505 -0.357600 0.000000 0.000000 0.000000 1.000000
0.970038 -0.035110 0.240402 -0.000000 0.015877 0.996549 0.081476 11.384800 -0.242433 -0.075218 0.967248 -0.357600 0.000000 0.000000 0.000000 1.000000
0.972252 -0.031182 0.231851 0.000000 0.018708 0.998266 0.055807 11.384800 -0.233189 -0.049921 0.971149 -0.357600 0.000000 0.000000 0.000000 1.000000
0.972985 -0.015164 0.230368 0.000000 0.013680 0.999874 0.008039 11.384800 -0.230461 -0.004670 0.973070 -0.357600 0.000000 0.000000 0.000000 1.000000
0.970588 0.001008 0.240743 0.000000 0.009367 0.999076 -0.041949 11.384800 -0.240563 0.042970 0.969682 -0.357600 0.000000 0.000000 0.000000 1.000000
0.968975 0.009115 0.246989 0.000000 0.011456 0.996589 -0.081723 11.384800 -0.246892 0.082017 0.965566 -0.357600 0.000000 0.000000 0.000000 1.000000
0.970345 0.003224 0.241702 0.000000 0.021742 0.994694 -0.100554 11.384800 -0.240743 0.102827 0.965127 -0.357600 0.000000 0.000000 0.000000 1.000000
0.971615 -0.015286 0.236072 0.000000 0.038504 0.994822 -0.094057 11.384800 -0.233412 0.100477 0.967173 -0.357600 0.000000 0.000000 0.000000 1.000000
0.971045 -0.038803 0.235725 0.000000 0.057498 0.995676 -0.072957 11.384800 -0.231874 0.084399 0.969077 -0.357600 0.000000 0.000000 0.000000 1.000000
0.970109 -0.061212 0.234822 -0.000000 0.075157 0.995872 -0.050892 11.384800 -0.230738 0.067019 0.970705 -0.357600 0.000000 0.000000 0.000000 1.000000
0.969985 -0.081175 0.229215 0.000000 0.090151 0.995507 -0.028947 11.384800 -0.225835 0.048742 0.972945 -0.357600 0.000000 0.000000 0.000000 1.000000
0.970468 -0.099469 0.219766 -0.000000 0.102681 0.994709 -0.003210 11.384800 -0.218284 0.025681 0.975547 -0.357600 0.000000 0.000000 0.000000 1.000000
0.971001 -0.116100 0.208992 0.000000 0.113883 0.993236 0.022650 11.384800 -0.210208 0.001808 0.977655 -0.357600 0.000000 0.000000 0.000000 1.000000
0.971231 -0.128339 0.200597 0.000000 0.122602 0.991616 0.040820 11.384800 -0.204153 -0.015052 0.978823 -0.357600 0.000000 0.000000 0.000000 1.000000
0.971104 -0.132757 0.198324 -0.000000 0.125586 0.990903 0.048368 11.384800 -0.202941 -0.022064 0.978942 -0.357600 0.000000 0.000000 0.000000 1.000000
0.970694 -0.130222 0.201979 -0.000000 0.122872 0.991233 0.048567 11.384800 -0.206533 -0.022326 0.978185 -0.357600 0.000000 0.000000 0.000000 1.000000
0.970179 -0.125422 0.207417 0.000000 0.118407 0.991902 0.045945 11.384800 -0.211500 -0.020015 0.977173 -0.357600 0.000000 0.000000 0.000000 1.000000
0.969707 -0.121038 0.212176 0.000000 0.114569 0.992503 0.042569 11.384800 -0.215737 -0.016970 0.976304 -0.357600 0.000000 0.000000 0.000000 1.000000
0.968878 -0.116632 0.218339 0.000000 0.110862 0.993088 0.038536 11.384800 -0.221325 -0.013131 0.975112 -0.357600 0.000000 0.000000 0.000000 1.000000
0.967170 -0.112914 0.227670 0.000000 0.108170 0.993576 0.033248 11.384800 -0.229962 -0.007529 0.973171 -0.357600 0.000000 0.000000 0.000000 1.000000
0.965174 -0.110963 0.236911 0.000000 0.107912 0.993824 0.025850 11.384800 -0.238316 0.000616 0.971187 -0.357600 0.000000 0.000000 0.000000 1.000000
0.964484 -0.109155 0.240532 0.000000 0.108400 0.993972 0.016409 11.384800 -0.240873 0.010248 0.970502 -0.357600 0.000000 0.000000 0.000000 1.000000
0.965622 -0.105812 0.237442 -0.000000 0.107340 0.994201 0.006522 11.384800 -0.236755 0.019189 0.971380 -0.357600 0.000000 0.000000 0.000000 1.000000
0.967158 -0.102428 0.232625 0.000000 0.105720 0.994395 -0.001695 11.384800 -0.231147 0.026233 0.972565 -0.357600 0.000000 0.000000 0.000000 1.000000
0.967729 -0.101190 0.230784 0.000000 0.105623 0.994382 -0.006902 11.384800 -0.228790 0.031055 0.972980 -0.357600 0.000000 0.000000 0.000000 1.000000
0.967482 -0.102017 0.231455 0.000000 0.106930 0.994228 -0.008747 11.384800 -0.229227 0.033213 0.972806 -0.357600 0.000000 0.000000 0.000000 1.000000
0.967395 -0.103928 0.230966 0.000000 0.108627 0.994053 -0.007684 11.384800 -0.228794 0.032522 0.972932 -0.357600 0.000000 0.000000 0.000000 1.000000
0.967708 -0.106528 0.228458 0.000000 0.110477 0.993868 -0.004529 11.384800 -0.226574 0.029622 0.973543 -0.357600 0.000000 0.000000 0.000000 1.000000
0.967469 -0.109525 0.228053 -0.000000 0.112459 0.993656 0.000130 11.384800 -0.226620 0.025521 0.973649 -0.357600 0.000000 0.000000 0.000000 1.000000
0.966098 -0.112567 0.232344 0.000000 0.114346 0.993424 0.005841 11.384800 -0.231474 0.020925 0.972616 -0.357600 0.000000 0.000000 0.000000 1.000000
0.964150 -0.115521 0.238891 0.000000 0.116025 0.993174 0.012002 11.384800 -0.238647 0.016145 0.970972 -0.357600 0.000000 0.000000 0.000000 1.000000</float_array>
        <technique_common>
          <accessor source="#mixamorig_Spine-Matrix-animation-output-transform-array" count="90" stride="16">
            <param type="float4x4"/>
          </accessor>
        </technique_common>
      </source>
      <source id="mixamorig_Spine-Interpolations">
        <Name_array id="mixamorig_Spine-Interpolations-array" count="90">
 LINEAR LINEAR LINEAR LINEAR LINEAR LINEAR LINEAR LINEAR LINEAR LINEAR LINEAR
LINEAR LINEAR LINEAR LINEAR LINEAR LINEAR LINEAR LINEAR LINEAR LINEAR LINEAR LINEAR
LINEAR LINEAR LINEAR LINEAR LINEAR LINEAR LINEAR LINEAR LINEAR LINEAR LINEAR LINEAR
LINEAR LINEAR LINEAR LINEAR LINEAR LINEAR LINEAR LINEAR LINEAR LINEAR LINEAR LINEAR
LINEAR LINEAR LINEAR LINEAR LINEAR LINEAR LINEAR LINEAR LINEAR LINEAR LINEAR LINEAR
LINEAR LINEAR LINEAR LINEAR LINEAR LINEAR LINEAR LINEAR LINEAR LINEAR LINEAR LINEAR
LINEAR LINEAR LINEAR LINEAR LINEAR LINEAR LINEAR LINEAR LINEAR LINEAR LINEAR LINEAR
LINEAR LINEAR LINEAR LINEAR LINEAR LINEAR LINEAR</Name_array>
        <technique_common>
          <accessor source="#mixamorig_Spine-Interpolations-array" count="90">
            <param type="name"/>
          </accessor>
        </technique_common>
      </source>
      <sampler id="mixamorig_Spine-Matrix-animation-transform">
        <input semantic="INPUT" source="#mixamorig_Spine-Matrix-animation-input"/>
        <input semantic="OUTPUT" source="#mixamorig_Spine-Matrix-animation-output-transform"/>
        <input semantic="INTERPOLATION" source="#mixamorig_Spine-Interpolations"/>
      </sampler>
      <channel source="#mixamorig_Spine-Matrix-animation-transform" target="mixamorig_Spine/matrix"/>
    </animation>
    <animation id="mixamorig_Spine1-anim" name="mixamorig_Spine1">
      <source id="mixamorig_Spine1-Matrix-animation-input">
        <float_array id="mixamorig_Spine1-Matrix-animation-input-array" count="90">

0.000000 0.033333 0.066667 0.100000 0.133333 0.166667 0.200000 0.233333 0.266667 0.300000 0.333333 0.366667 0.400000 0.433333 0.466667 0.500000
0.533333 0.566667 0.600000 0.633333 0.666667 0.700000 0.733333 0.766667 0.800000 0.833333 0.866667 0.900000 0.933333 0.966667 1.000000 1.033333
1.066667 1.100000 1.133333 1.166667 1.200000 1.233333 1.266667 1.300000 1.333333 1.366667 1.400000 1.433333 1.466667 1.500000 1.533333 1.566667
1.600000 1.633333 1.666667 1.700000 1.733333 1.766667 1.800000 1.833333 1.866667 1.900000 1.933333 1.966667 2.000000 2.033333 2.066667 2.100000
2.133333 2.166667 2.200000 2.233333 2.266667 2.300000 2.333333 2.366667 2.400000 2.433333 2.466667 2.500000 2.533333 2.566667 2.600000 2.633333
2.666667 2.700000 2.733333 2.766667 2.800000 2.833333 2.866667 2.900000 2.933333 2.966667</float_array>
        <technique_common>
          <accessor source="#mixamorig_Spine1-Matrix-animation-input-array" count="90">
            <param name="TIME" type="float"/>
          </accessor>
        </technique_common>
      </source>
      <source id="mixamorig_Spine1-Matrix-animation-output-transform">
        <float_array id="mixamorig_Spine1-Matrix-animation-output-transform-array" count="1440">

0.999458 -0.023952 -0.022583 0.000000 0.022915 0.998720 -0.045091 11.001200 0.023634 0.044550 0.998728 0.000000 0.000000 0.000000 0.000000 1.000000
0.999497 -0.024052 -0.020693 0.000000 0.023303 0.999090 -0.035717 11.001200 0.021533 0.035217 0.999148 0.000000 0.000000 0.000000 0.000000 1.000000
0.999560 -0.021241 -0.020692 -0.000000 0.020734 0.999487 -0.024397 11.001200 0.021199 0.023957 0.999488 -0.000000 0.000000 0.000000 0.000000 1.000000
0.999637 -0.016175 -0.021539 0.000000 0.015916 0.999800 -0.012106 11.001200 0.021730 0.011759 0.999695 0.000000 0.000000 0.000000 0.000000 1.000000
0.999750 -0.012349 -0.018618 0.000000 0.012381 0.999922 0.001570 11.001200 0.018597 -0.001800 0.999825 -0.000000 0.000000 0.000000 0.000000 1.000000
0.999914 -0.010180 -0.008291 0.000000 0.010312 0.999820 0.015945 11.001200 0.008127 -0.016029 0.999839 0.000000 0.000000 0.000000 0.000000 1.000000
0.999949 -0.005576 0.008375 0.000000 0.005335 0.999579 0.028529 11.001200 -0.008530 -0.028483 0.999558 -0.000000 0.000000 0.000000 0.000000 1.000000
0.999636 0.003520 0.026743 0.000000 -0.004555 0.999239 0.038729 11.001200 -0.026586 -0.038837 0.998892 0.000000 0.000000 0.000000 0.000000 1.000000
0.999052 0.013854 0.041261 0.000000 -0.015824 0.998731 0.047822 11.001200 -0.040546 -0.048430 0.998003 -0.000000 0.000000 0.000000 0.000000 1.000000
0.998601 0.021016 0.048528 -0.000000 -0.023718 0.998160 0.055803 11.001200 -0.047266 -0.056876 0.997262 0.000000 0.000000 0.000000 0.000000 1.000000
0.998494 0.023350 0.049635 0.000000 -0.026421 0.997718 0.062142 11.001200 -0.048070 -0.063360 0.996832 0.000000 0.000000 0.000000 0.000000 1.000000
0.998615 0.022086 0.047744 0.000000 -0.025326 0.997340 0.068354 11.001200 -0.046107 -0.069469 0.996518 0.000000 0.000000 0.000000 0.000000 1.000000
0.998858 0.018578 0.044017 -0.000000 -0.021844 0.996949 0.074932 11.001200 -0.042490 -0.075808 0.996217 0.000000 0.000000 0.000000 0.000000 1.000000
0.999173 0.012173 0.038795 0.000000 -0.015158 0.996869 0.077606 11.001200 -0.037728 -0.078130 0.996229 0.000000 0.000000 0.000000 0.000000 1.000000
0.999385 0.003166 0.034913 0.000000 -0.005743 0.997246 0.073937 11.001200 -0.034582 -0.074092 0.996652 -0.000000 0.000000 0.000000 0.000000 1.000000
0.999385 -0.005290 0.034651 0.000000 0.002953 0.997738 0.067160 11.001200 -0.034928 -0.067016 0.997140 0.000000 0.000000 0.000000 0.000000 1.000000
0.999309 -0.010868 0.035544 -0.000000 0.008722 0.998161 0.059985 11.001200 -0.036131 -0.059634 0.997566 -0.000000 0.000000 0.000000 0.000000 1.000000
0.999297 -0.014246 0.034664 0.000000 0.012404 0.998529 0.052781 11.001200 -0.035365 -0.052314 0.998004 0.000000 0.000000 0.000000 0.000000 1.000000
0.999307 -0.016035 0.033605 0.000000 0.014476 0.998831 0.046120 11.001200 -0.034306 -0.045602 0.998370 0.000000 0.000000 0.000000 0.000000 1.000000
0.999282 -0.013987 0.035220 -0.000000 0.012555 0.999099 0.040551 11.001200 -0.035755 -0.040080 0.998557 0.000000 0.000000 0.000000 0.000000 1.000000
0.999234 -0.006037 0.038672 0.000000 0.004621 0.999319 0.036603 11.001200 -0.038866 -0.036396 0.998581 -0.000000 0.000000 0.000000 0.000000 1.000000
0.999193 0.005587 0.039768 0.000000 -0.007017 0.999331 0.035906 11.001200 -0.039541 -0.036156 0.998564 0.000000 0.000000 0.000000 0.000000 1.000000
0.999279 0.016292 0.034304 0.000000 -0.017608 0.999107 0.038414 11.001200 -0.033648 -0.038990 0.998673 0.000000 0.000000 0.000000 0.000000 1.000000
0.999533 0.022893 0.020263 -0.000000 -0.023698 0.998902 0.040405 11.001200 -0.019316 -0.040867 0.998978 0.000000 0.000000 0.000000 0.000000 1.000000
0.999711 0.023938 -0.002425 0.000000 -0.023822 0.998915 0.040027 11.001200 0.003381 -0.039958 0.999196 -0.000000 0.000000 0.000000 0.000000 1.000000
0.999344 0.020770 -0.029677 -0.000000 -0.019601 0.999041 0.039160 11.001200 0.030462 -0.038553 0.998792 0.000000 0.000000 0.000000 0.000000 1.000000
0.998617 0.018559 -0.049194 0.000000 -0.016833 0.999236 0.035265 11.001200 0.049810 -0.034388 0.998167 -0.000000 0.000000 0.000000 0.000000 1.000000
0.998532 0.021224 -0.049828 0.000000 -0.020069 0.999521 0.023573 11.001200 0.050305 -0.022538 0.998480 0.000000 0.000000 0.000000 0.000000 1.000000
0.998922 0.026472 -0.038144 0.000000 -0.026122 0.999612 0.009653 11.001200 0.038384 -0.008646 0.999226 -0.000000 0.000000 0.000000 0.000000 1.000000
0.999171 0.028338 -0.029241 0.000000 -0.028254 0.999595 0.003279 11.001200 0.029322 -0.002450 0.999567 0.000000 0.000000 0.000000 0.000000 1.000000
0.999373 0.024533 -0.025535 0.000000 -0.024477 0.999697 0.002517 11.001200 0.025589 -0.001891 0.999671 0.000000 0.000000 0.000000 0.000000 1.000000
0.999619 0.017678 -0.021205 0.000000 -0.017679 0.999844 0.000134 11.001200 0.021204 0.000241 0.999775 0.000000 0.000000 0.000000 0.000000 1.000000
